# x1, x2, y
4.935516559197298925e+00 2.923189129066317005e+00 0.000000000000000000e+00
2.118007892832165950e+00 -1.358767565994468685e-01 3.000000000000000000e+00
1.297287288181334375e-01 2.146865876471793291e-02 2.000000000000000000e+00
3.859005218884969057e+00 9.251123362313559140e-01 1.000000000000000000e+00
5.080698328358160154e+00 3.118715704647413212e+00 0.000000000000000000e+00
5.008733798635677914e+00 2.954737151497278891e+00 0.000000000000000000e+00
5.157045383926937454e+00 -1.329735533934426617e-01 3.000000000000000000e+00
3.610252393465675613e+00 8.655103922426807816e-01 1.000000000000000000e+00
4.816841630186264211e+00 -8.145040860399316296e-02 3.000000000000000000e+00
1.943427289673031133e+00 -5.326537686374402392e-02 3.000000000000000000e+00
3.587538913796182172e+00 1.390975615001806887e+00 1.000000000000000000e+00
8.965811084159543976e-01 2.800594634469947497e+00 0.000000000000000000e+00
3.604925424972403647e+00 1.095522036363511420e+00 1.000000000000000000e+00
5.056133015424527422e+00 2.985377459250544430e+00 0.000000000000000000e+00
-1.599094981383519798e-01 -5.831891910016654551e-02 2.000000000000000000e+00
1.881331249151516172e+00 1.020615193490511940e-01 3.000000000000000000e+00
4.809818149789846231e+00 -1.408700663046917601e-01 3.000000000000000000e+00
1.162190334560711191e+00 3.208888418941451715e+00 0.000000000000000000e+00
4.138673245132077128e+00 1.848386534288753547e+00 2.000000000000000000e+00
1.046498911835747503e+00 3.136510281372896891e+00 0.000000000000000000e+00
3.954246834225967344e+00 2.322672274912623180e+00 2.000000000000000000e+00
3.151761132019585965e+00 2.176981762892976846e+00 1.000000000000000000e+00
-3.131476301311810762e-01 2.027644933943411054e-01 2.000000000000000000e+00
4.132336215293196169e+00 2.197270436042412900e+00 2.000000000000000000e+00
1.841840009244966492e+00 2.447444423920218659e-01 3.000000000000000000e+00
-8.457139227815507754e-02 1.729288130485748254e-02 2.000000000000000000e+00
2.592559754863840826e+00 1.611482163704708981e+00 1.000000000000000000e+00
1.180171189852882385e+00 2.863254428165133536e+00 0.000000000000000000e+00
2.021606163462469130e+00 5.883523794153128553e-03 3.000000000000000000e+00
1.707719279055578632e+00 -1.032695817292044460e-01 3.000000000000000000e+00
2.177165159793181370e+00 3.797232987661913750e-02 3.000000000000000000e+00
9.312292648857848354e-01 3.008719371366849415e+00 0.000000000000000000e+00
-1.127577469164605523e-01 1.793728146451803451e-02 2.000000000000000000e+00
2.949164026478526157e+00 2.279968788496196996e+00 1.000000000000000000e+00
2.756051120604193549e+00 2.489873729812279279e+00 1.000000000000000000e+00
4.978707975688892340e+00 -5.581992813387692820e-01 3.000000000000000000e+00
3.778457499543089515e+00 1.996456336417971489e+00 2.000000000000000000e+00
3.870540812345057535e+00 1.007072019410951480e+00 1.000000000000000000e+00
1.792163535593019441e+00 1.466046463438156755e-01 3.000000000000000000e+00
7.798761645574157075e-01 3.228944741967922916e+00 0.000000000000000000e+00
4.776537930272944266e+00 3.046883139563418386e+00 0.000000000000000000e+00
4.927477582484548257e+00 -2.970312902650908415e-01 3.000000000000000000e+00
4.899205210171536429e+00 3.591178330165285294e-03 3.000000000000000000e+00
3.055299860964436842e+00 1.853345679220937514e+00 1.000000000000000000e+00
3.348814871953429861e+00 1.142957919497163077e+00 1.000000000000000000e+00
5.121756731781621497e+00 -3.762821734332119639e-01 3.000000000000000000e+00
1.348792209641737905e-01 -1.444783810828301762e-01 2.000000000000000000e+00
3.609578942550953684e+00 1.719534170909372550e+00 2.000000000000000000e+00
3.703305513461123244e+00 1.035437544055192172e+00 1.000000000000000000e+00
2.121756731781621941e+00 -3.762821734332119639e-01 3.000000000000000000e+00
3.656121105076095112e+00 2.011424199216418351e+00 2.000000000000000000e+00
2.921784760926156022e-01 1.184945602848039709e-01 2.000000000000000000e+00
5.062447737802600045e+00 -3.866432809480078309e-02 3.000000000000000000e+00
4.760827697935103409e+00 5.011960570637346013e-01 3.000000000000000000e+00
4.584639595615289664e+00 1.895002334691351931e-01 3.000000000000000000e+00
3.977755879274053719e+00 8.677311513693962697e-01 1.000000000000000000e+00
9.467562987992755863e-01 3.006522909338671834e+00 0.000000000000000000e+00
4.870616662349018355e+00 3.180297378329742131e+00 0.000000000000000000e+00
5.014450379831177251e+00 2.019574669895117247e-01 3.000000000000000000e+00
3.767965979003544685e+00 2.270021363736345332e+00 2.000000000000000000e+00
2.070223379302193134e+00 -1.375409261572769527e-02 3.000000000000000000e+00
4.995076608824843944e+00 2.844967676166167969e+00 0.000000000000000000e+00
9.355165591972984807e-01 2.923189129066317005e+00 0.000000000000000000e+00
5.104115267414674584e+00 2.771131722075371506e+00 0.000000000000000000e+00
2.416912657103925943e-01 2.231403605568972603e-01 2.000000000000000000e+00
1.136013967975620931e+00 2.936039680220265957e+00 0.000000000000000000e+00
-3.158312570788930906e-01 -1.657255957712811811e-01 2.000000000000000000e+00
2.917672167362303615e+00 2.255705616568344229e+00 1.000000000000000000e+00
3.003305513461123066e+00 2.035437544055191950e+00 1.000000000000000000e+00
5.136013967975620709e+00 2.936039680220265957e+00 0.000000000000000000e+00
1.781932333509037125e+00 3.400376293291051955e-01 3.000000000000000000e+00
4.730447011749267183e+00 2.941479713382738059e-01 3.000000000000000000e+00
3.719085017438251928e+00 1.184290013731902347e+00 1.000000000000000000e+00
4.961632889527677115e+00 2.822474207183032657e+00 0.000000000000000000e+00
5.173777231401173182e+00 3.150082327973001473e+00 0.000000000000000000e+00
1.386732451320769055e-01 -1.516134657112464534e-01 2.000000000000000000e+00
2.824543696216362143e+00 1.826442555425414893e+00 1.000000000000000000e+00
3.785905228004393219e+00 8.786003203599908051e-01 1.000000000000000000e+00
2.612412130270897470e-01 -1.209205938328751923e-01 2.000000000000000000e+00
5.010161550955205989e+00 2.872600870686129237e+00 0.000000000000000000e+00
3.554577473629997098e+00 1.660133279055540756e+00 2.000000000000000000e+00
9.582211533250444280e-01 3.117324638236439682e+00 0.000000000000000000e+00
1.437115081306632236e+00 2.720700732902372465e+00 0.000000000000000000e+00
4.033973851069514005e+00 1.767198405767759439e+00 2.000000000000000000e+00
4.725376535950648993e+00 3.063031878408458475e+00 0.000000000000000000e+00
1.928155180857852313e+00 1.010763805505835305e-01 3.000000000000000000e+00
3.600357287273784568e+00 9.378030043394298687e-01 1.000000000000000000e+00
3.867200943886853981e+00 1.308671822160896836e+00 1.000000000000000000e+00
5.284722885869797437e+00 1.807998348007053835e-01 3.000000000000000000e+00
4.881331249151516616e+00 1.020615193490511940e-01 3.000000000000000000e+00
1.008733798635677914e+00 2.954737151497278891e+00 0.000000000000000000e+00
3.124360700861114282e+00 1.880039093785830451e+00 1.000000000000000000e+00
4.781017630851791544e+00 3.033876486611733814e+00 0.000000000000000000e+00
4.963815939584369730e+00 2.879215874441348522e+00 0.000000000000000000e+00
8.706166623490183554e-01 3.180297378329742131e+00 0.000000000000000000e+00
4.972711051220793266e+00 2.976189162445038061e+00 0.000000000000000000e+00
4.785407144257670886e+00 9.903172224006331903e-02 3.000000000000000000e+00
3.085905228004393042e+00 1.878600320359990805e+00 1.000000000000000000e+00
5.060034063991165176e+00 2.929550030701296492e+00 0.000000000000000000e+00
4.828500635052045631e+00 -1.868363686295898274e-01 3.000000000000000000e+00
9.332865344576815603e-02 2.067373735879002306e-01 2.000000000000000000e+00
4.628403627110649232e+00 3.247232806090563972e+00 0.000000000000000000e+00
9.555343714779281905e-01 2.959848386214000371e+00 0.000000000000000000e+00
3.943652746186877334e+00 2.411271104639658880e+00 2.000000000000000000e+00
4.410924820503622890e+00 2.010681907359669562e+00 2.000000000000000000e+00
4.760146393532962428e+00 3.172669063508804399e+00 0.000000000000000000e+00
3.748533888216359244e+00 1.040366035774800801e+00 1.000000000000000000e+00
3.476705996423051115e+00 1.016185420194655631e+00 1.000000000000000000e+00
1.008442749343118505e+00 3.116563042743164313e+00 0.000000000000000000e+00
3.413156664043766941e+00 1.705768614833474972e+00 1.000000000000000000e+00
-1.250684002931976013e-01 -1.187686134509019359e-01 2.000000000000000000e+00
5.213794324440252481e+00 8.074286204567853939e-03 3.000000000000000000e+00
3.846538034733653078e+00 2.134914141391200726e+00 2.000000000000000000e+00
-3.904210574490465380e-01 -2.804658290906273943e-01 2.000000000000000000e+00
2.099453819729195647e+00 4.746653986791932178e-02 3.000000000000000000e+00
5.046498911835747947e+00 3.136510281372896891e+00 0.000000000000000000e+00
1.037312278197656923e+00 3.082010329441651209e+00 0.000000000000000000e+00
2.233415033199992905e+00 -7.933740018096425289e-03 3.000000000000000000e+00
3.369855746835180188e+00 8.218888831673902828e-01 1.000000000000000000e+00
1.785407144257670886e+00 9.903172224006331903e-02 3.000000000000000000e+00
2.795622811071738045e+00 2.158905647920216442e+00 1.000000000000000000e+00
3.432945274817713038e-03 -8.582845564701875596e-02 2.000000000000000000e+00
3.617672167362303792e+00 1.255705616568344452e+00 1.000000000000000000e+00
4.352049845289818641e+00 1.987869501645038062e+00 2.000000000000000000e+00
3.908011433831862558e+00 2.128870733206064347e+00 2.000000000000000000e+00
3.292559754863841004e+00 6.114821637047088698e-01 1.000000000000000000e+00
4.170656437164746322e+00 1.972057653911785557e+00 2.000000000000000000e+00
5.070109195732821483e+00 2.737543317752513694e+00 0.000000000000000000e+00
4.924943009981976871e+00 2.872253918509155568e+00 0.000000000000000000e+00
5.325530150629781190e+00 3.067602339314895232e+00 0.000000000000000000e+00
2.611335318866329303e+00 2.070498872873866691e+00 1.000000000000000000e+00
1.024364254198287361e+00 3.225896781582383799e+00 0.000000000000000000e+00
-1.064468041796355069e-01 2.236266793435391365e-01 2.000000000000000000e+00
2.931002557969004219e+00 1.953832051372906164e+00 1.000000000000000000e+00
2.315093581714476212e+00 2.413215796071136454e-01 3.000000000000000000e+00
7.433405824237307447e-02 3.706018970138758029e-01 2.000000000000000000e+00
5.003481881660000852e+00 2.775596254250622508e+00 0.000000000000000000e+00
4.861667849654938145e+00 2.920649294628804515e+00 0.000000000000000000e+00
3.634700100384363530e+00 7.314648421245127929e-01 1.000000000000000000e+00
2.082053149079369003e+00 1.719741943593824374e-01 3.000000000000000000e+00
4.996509009632764453e+00 1.462805034250131420e-01 3.000000000000000000e+00
1.939804769208932411e+00 1.614911834010540614e-01 3.000000000000000000e+00
7.601463935329627608e-01 3.172669063508804399e+00 0.000000000000000000e+00
2.972804534779882157e+00 1.840546042901374024e+00 1.000000000000000000e+00
3.031252770054016832e+00 1.961955794983027745e+00 1.000000000000000000e+00
1.972129638909815741e+00 -1.457074978849403069e-01 3.000000000000000000e+00
2.859731114748564451e+00 1.892555395224932324e+00 1.000000000000000000e+00
5.082053149079368559e+00 1.719741943593824374e-01 3.000000000000000000e+00
3.123597106784067101e+00 1.963164734869250916e+00 1.000000000000000000e+00
3.520498452898186414e-01 -1.213049835496197992e-02 2.000000000000000000e+00
5.177165159793181815e+00 3.797232987661913750e-02 3.000000000000000000e+00
5.099042264795592416e+00 2.965059368051499611e+00 0.000000000000000000e+00
1.046018947072876681e+00 3.152402236062405105e+00 0.000000000000000000e+00
3.840090501861648242e+00 1.941681080899833489e+00 2.000000000000000000e+00
1.901774972441836464e+00 2.687462320795088247e-02 3.000000000000000000e+00
1.057759491170348065e-01 -4.474173022224941509e-01 2.000000000000000000e+00
8.658675427421939075e-01 3.075512757264184049e+00 0.000000000000000000e+00
2.966360232051056922e+00 1.965163931138401932e+00 1.000000000000000000e+00
-1.386573933809657523e-02 -2.167841343470796461e-02 2.000000000000000000e+00
2.843617663462639999e+00 1.912498203434283894e+00 1.000000000000000000e+00
2.944180455691341791e+00 2.324569817190800247e+00 1.000000000000000000e+00
5.438139945793946772e+00 2.620727815421781237e+00 0.000000000000000000e+00
4.229380075279896900e+00 1.990059484168264836e+00 2.000000000000000000e+00
3.281508000048245499e+00 2.025820315942145289e+00 1.000000000000000000e+00
6.988717872748010339e-03 2.907835163217635244e-01 2.000000000000000000e+00
4.620946610504706342e+00 1.794582348893022580e-02 3.000000000000000000e+00
4.992260898146789749e+00 2.676845529059340922e+00 0.000000000000000000e+00
-6.625663398652566205e-02 7.730782902661822997e-02 2.000000000000000000e+00
2.800596040894063332e+00 1.978641202644154884e+00 1.000000000000000000e+00
1.105893064870541842e+00 3.027540241999477022e+00 0.000000000000000000e+00
4.977910594716536963e+00 2.876527587257527774e+00 0.000000000000000000e+00
8.943656495473089052e-01 2.785406275568766077e+00 0.000000000000000000e+00
3.311761108123971731e+00 2.021880539285085820e+00 1.000000000000000000e+00
2.833965620936977015e+00 1.823884480031165767e+00 1.000000000000000000e+00
1.924096496893224151e+00 -2.029607381717342118e-01 3.000000000000000000e+00
-2.320340209964552314e-01 2.700213637363452213e-01 2.000000000000000000e+00
3.124672435315606567e+00 1.913008663408954479e+00 1.000000000000000000e+00
5.131809959220041684e+00 2.674512331876748306e+00 0.000000000000000000e+00
4.780569127948927743e+00 1.677269494456754828e-01 3.000000000000000000e+00
5.088272888713716746e+00 2.979968953343300253e+00 0.000000000000000000e+00
5.380931741668196544e+00 3.222211339712100830e+00 0.000000000000000000e+00
2.859920299015748846e+00 1.959321110207088212e+00 1.000000000000000000e+00
7.765379302729444877e-01 3.046883139563418386e+00 0.000000000000000000e+00
8.505683412498324936e-01 3.338490920205549273e+00 0.000000000000000000e+00
4.090224587746919660e+00 1.861015819762952272e+00 2.000000000000000000e+00
5.106232758691245266e+00 8.001683950750967424e-04 3.000000000000000000e+00
2.383958457285617616e+00 -2.783387752108067437e-01 3.000000000000000000e+00
4.707719279055578632e+00 -1.032695817292044460e-01 3.000000000000000000e+00
4.910574287042800634e+00 3.244901540961099951e+00 0.000000000000000000e+00
-9.198856616813744225e-02 1.288707332060644584e-01 2.000000000000000000e+00
2.648814871953429684e+00 2.142957919497162855e+00 1.000000000000000000e+00
3.554880576173114815e+00 8.264462644752819109e-01 1.000000000000000000e+00
3.942200531398036834e+00 1.921636752038390350e+00 2.000000000000000000e+00
1.617688720531364199e-01 3.579509366412542692e-01 2.000000000000000000e+00
5.008442749343118727e+00 3.116563042743164313e+00 0.000000000000000000e+00
1.780569127948927521e+00 1.677269494456754828e-01 3.000000000000000000e+00
4.110234688571488881e+00 1.117132400034476447e+00 1.000000000000000000e+00
5.063807819211419314e+00 2.950125924904518193e+00 0.000000000000000000e+00
4.814625612158275558e+00 -3.648408127261951184e-02 3.000000000000000000e+00
3.571506654184526397e+00 1.833966227195458432e+00 2.000000000000000000e+00
2.067444187661691579e+00 2.016130866151526480e-01 3.000000000000000000e+00
4.571111190654310263e+00 -7.391248506748665514e-02 3.000000000000000000e+00
4.790186450966277043e+00 6.333177903133087316e-02 3.000000000000000000e+00
1.003481881660000852e+00 2.775596254250622508e+00 0.000000000000000000e+00
3.527736727844791531e+00 1.134942305137594420e+00 1.000000000000000000e+00
5.383958457285617172e+00 -2.783387752108067437e-01 3.000000000000000000e+00
5.196990334343841944e+00 2.142504855691781673e-01 3.000000000000000000e+00
2.395661683442502354e-01 3.409188342744813860e-01 2.000000000000000000e+00
2.854880576173114637e+00 1.826446264475281911e+00 1.000000000000000000e+00
3.755299860964437020e+00 8.533456792209374031e-01 1.000000000000000000e+00
5.097703629307499540e+00 2.984885657395788705e+00 0.000000000000000000e+00
2.206690160652847510e+00 -2.925465492227076469e-02 3.000000000000000000e+00
4.841840009244966048e+00 2.447444423920218659e-01 3.000000000000000000e+00
3.533965620936977192e+00 8.238844800311657668e-01 1.000000000000000000e+00
-3.274899186016683728e-01 7.917205408075926876e-01 2.000000000000000000e+00
1.783857861510898646e+00 1.450948008963071356e-01 3.000000000000000000e+00
2.962684201297706821e+00 1.988635103822830485e+00 1.000000000000000000e+00
1.080698328358159932e+00 3.118715704647413212e+00 0.000000000000000000e+00
2.733609666696550367e+00 1.647862287920243363e+00 1.000000000000000000e+00
-2.106894250150842529e-02 1.260391341369822005e-01 2.000000000000000000e+00
9.655143584899128495e-01 2.824428316415725781e+00 0.000000000000000000e+00
3.922876595355958784e+00 8.826952122356814812e-01 1.000000000000000000e+00
5.226753888467087883e+00 2.780021746537193916e+00 0.000000000000000000e+00
1.828500635052045631e+00 -1.868363686295898274e-01 3.000000000000000000e+00
4.208998881934779668e+00 2.121702939696969992e+00 2.000000000000000000e+00
1.460327651666790683e+00 -2.426676251657409189e-01 3.000000000000000000e+00
5.197267037564248682e+00 3.042706780267088185e+00 0.000000000000000000e+00
4.306171422474406540e+00 1.164916925006691528e+00 1.000000000000000000e+00
2.992926415024257825e+00 2.422121010720141854e+00 1.000000000000000000e+00
-5.779946860196318037e-02 -7.836324796160969164e-02 2.000000000000000000e+00
1.325530150629781190e+00 3.067602339314895232e+00 0.000000000000000000e+00
9.922608981467897493e-01 2.676845529059340922e+00 0.000000000000000000e+00
3.949665158473715021e+00 2.076543034744872784e+00 2.000000000000000000e+00
1.160372206374268966e+00 3.009313459684828995e+00 0.000000000000000000e+00
-1.555717653254825583e-01 2.231682215848337369e-01 2.000000000000000000e+00
5.266291422517518583e+00 2.942538427304796311e+00 0.000000000000000000e+00
1.099042264795591972e+00 2.965059368051499611e+00 0.000000000000000000e+00
4.896581108415954731e+00 2.800594634469947497e+00 0.000000000000000000e+00
5.024364254198287583e+00 3.225896781582383799e+00 0.000000000000000000e+00
4.093328653445768239e+00 2.206737373587900120e+00 2.000000000000000000e+00
3.830916030517340420e+00 9.897623104784671888e-01 1.000000000000000000e+00
5.437115081306632014e+00 2.720700732902372465e+00 0.000000000000000000e+00
3.476176920288054362e+00 1.391215780740728380e+00 1.000000000000000000e+00
1.838764357609308675e+00 9.812338474620561912e-03 3.000000000000000000e+00
-5.179657068010647125e-02 3.785863951173151776e-02 2.000000000000000000e+00
1.021875548984178539e-01 3.421323677342271163e-01 2.000000000000000000e+00
3.517299399765242640e+00 1.644486724838802427e+00 2.000000000000000000e+00
2.307307265604219726e+00 -7.500175167121921429e-05 3.000000000000000000e+00
4.992164348758100445e+00 -4.575083424404251253e-02 3.000000000000000000e+00
5.032007413889566294e+00 3.175233784223244982e+00 0.000000000000000000e+00
3.917030619742353004e+00 2.090389207464244503e+00 2.000000000000000000e+00
3.906769028634814234e+00 2.276998268729727659e+00 2.000000000000000000e+00
5.233415033199992905e+00 -7.933740018096425289e-03 3.000000000000000000e+00
3.123707826157258616e+00 1.911365613859872470e+00 1.000000000000000000e+00
3.606171422474406363e+00 2.164916925006691528e+00 1.000000000000000000e+00
1.990826662786046475e+00 -4.374669179354183368e-02 3.000000000000000000e+00
4.338761822657616563e+00 2.039373955850058096e+00 2.000000000000000000e+00
5.039659944025354221e+00 3.023801729161491814e+00 0.000000000000000000e+00
4.881507742969346531e+00 -4.609815875540276275e-01 3.000000000000000000e+00
3.366943525329937348e+00 2.112876571098862843e+00 1.000000000000000000e+00
1.992164348758100667e+00 -4.575083424404251253e-02 3.000000000000000000e+00
4.074491370302288473e+00 1.970302039388121207e+00 2.000000000000000000e+00
5.037312278197656923e+00 3.082010329441651209e+00 0.000000000000000000e+00
5.664215751234072727e+00 -1.200450660754629750e-01 3.000000000000000000e+00
1.173777231401173626e+00 3.150082327973001473e+00 0.000000000000000000e+00
2.999621703432399311e+00 1.720675915080913665e+00 1.000000000000000000e+00
5.160372206374269410e+00 3.009313459684828995e+00 0.000000000000000000e+00
2.243588180160269285e+00 -3.881361928729786803e-01 3.000000000000000000e+00
3.524543696216362321e+00 8.264425554254148931e-01 1.000000000000000000e+00
1.158561373183869536e+00 2.875293854064041810e+00 0.000000000000000000e+00
1.964077541069728428e+00 1.003450218690331019e-01 3.000000000000000000e+00
1.908776488970262974e+00 -1.959780503323601542e-01 3.000000000000000000e+00
9.003110255343579893e-02 3.530670201038143552e-01 2.000000000000000000e+00
3.198711869464788027e+00 5.771672156166347545e-01 1.000000000000000000e+00
2.193244172515668389e+00 1.451833705041642442e-01 3.000000000000000000e+00
5.159612759059788445e+00 -2.038640785272001141e-02 3.000000000000000000e+00
7.449137030228850098e-02 -2.969796061187873412e-02 2.000000000000000000e+00
5.243588180160269729e+00 -3.881361928729786803e-01 3.000000000000000000e+00
-4.827006002347575819e-01 -3.555132751611975173e-01 2.000000000000000000e+00
5.063630839935737704e+00 -3.846326819527446077e-03 3.000000000000000000e+00
3.619824361642214772e+00 1.164801123690081486e+00 1.000000000000000000e+00
-1.617694392944257209e-01 1.114878905716066848e-01 2.000000000000000000e+00
1.560054270677259103e-01 -1.258883208107560159e-01 2.000000000000000000e+00
2.888501055642791471e+00 2.187833748839297598e+00 1.000000000000000000e+00
-1.644934377808503490e-01 1.443422584225385330e-01 2.000000000000000000e+00
4.792163535593019219e+00 1.466046463438156755e-01 3.000000000000000000e+00
2.108529058913263032e+00 -3.916338171198021634e-01 3.000000000000000000e+00
4.901774972441836020e+00 2.687462320795088247e-02 3.000000000000000000e+00
1.820263361336270869e+00 6.393138838891869458e-02 3.000000000000000000e+00
2.163208736864812298e+00 -1.224813946257647529e-01 3.000000000000000000e+00
-6.878014184207847936e-02 -2.000338379745031647e-01 2.000000000000000000e+00
4.730260710640551203e+00 2.605071072972360291e-01 3.000000000000000000e+00
3.411824795141632283e+00 1.246450614165687254e+00 1.000000000000000000e+00
3.944830787487771495e+00 2.245791117130139458e+00 2.000000000000000000e+00
3.456051120604193727e+00 1.489873729812279501e+00 1.000000000000000000e+00
3.773266402908011852e+00 7.910821236184416572e-01 1.000000000000000000e+00
3.731252770054017009e+00 9.619557949830277455e-01 1.000000000000000000e+00
-2.226872205945980565e-01 -1.348200498937087745e-02 2.000000000000000000e+00
4.753988372866607470e+00 3.110107499195243097e+00 0.000000000000000000e+00
1.266291422517518361e+00 2.942538427304796311e+00 0.000000000000000000e+00
1.038183096933493310e+00 3.420051027295768264e+00 0.000000000000000000e+00
2.157045383926937454e+00 -1.329735533934426617e-01 3.000000000000000000e+00
5.307307265604219282e+00 -7.500175167121921429e-05 3.000000000000000000e+00
3.132204057519738516e+00 2.358431641795113443e+00 1.000000000000000000e+00
4.779876164557415485e+00 3.228944741967922916e+00 0.000000000000000000e+00
-7.496093746053054951e-02 -1.499939234551332656e-01 2.000000000000000000e+00
3.004372567325310328e+00 1.906265236744421721e+00 1.000000000000000000e+00
3.825998355361829528e+00 2.073838093909374791e+00 2.000000000000000000e+00
4.620237588136141049e+00 -2.234221384878225247e-01 3.000000000000000000e+00
2.975907085642298444e+00 1.753375852910714627e+00 1.000000000000000000e+00
7.344636277677295266e-02 2.465798384752474481e-01 2.000000000000000000e+00
4.771496360395572012e+00 2.930131455517424488e+00 0.000000000000000000e+00
3.026809639310924727e+00 2.240410972439941251e+00 1.000000000000000000e+00
2.567539803118887298e-02 3.520830367150644680e-01 2.000000000000000000e+00
-8.489855811418549336e-02 -1.463061963460666748e-01 2.000000000000000000e+00
2.062447737802600045e+00 -3.866432809480078309e-02 3.000000000000000000e+00
3.824672435315606744e+00 9.130086634089544795e-01 1.000000000000000000e+00
2.150267447032097046e+00 2.807908728947003385e-02 3.000000000000000000e+00
4.062106982825091528e+00 7.388546154884525485e-01 1.000000000000000000e+00
5.324869072732647979e+00 2.877648717269984946e+00 0.000000000000000000e+00
4.011761108123971908e+00 1.021880539285085598e+00 1.000000000000000000e+00
3.851761132019586142e+00 1.176981762892976624e+00 1.000000000000000000e+00
5.292421587408995265e+00 2.587971858100469369e+00 0.000000000000000000e+00
5.112552219323805325e+00 3.048147418447546553e+00 0.000000000000000000e+00
2.145110103615746500e+00 -6.484084389704221352e-02 3.000000000000000000e+00
4.134879220964173818e+00 1.855521618917169935e+00 2.000000000000000000e+00
4.028450274505263273e+00 2.102701095997709491e+00 2.000000000000000000e+00
1.790186450966276821e+00 6.333177903133087316e-02 3.000000000000000000e+00
2.625367804472939603e+00 2.184123023610991421e+00 1.000000000000000000e+00
5.190899133309537561e+00 1.914935422202693541e-02 3.000000000000000000e+00
5.221723351597934659e+00 -1.405840805820337269e-01 3.000000000000000000e+00
3.222876595355958607e+00 1.882695212235681481e+00 1.000000000000000000e+00
2.887538913796181994e+00 2.390975615001806887e+00 1.000000000000000000e+00
4.292178476092615824e+00 2.118494560284803985e+00 2.000000000000000000e+00
3.559731114748564629e+00 8.925553952249323242e-01 1.000000000000000000e+00
3.500596040894063510e+00 9.786412026441549949e-01 1.000000000000000000e+00
3.590845166403486832e+00 9.602324274222207023e-01 1.000000000000000000e+00
1.169232129517006724e+00 2.828096811833602509e+00 0.000000000000000000e+00
3.170540812345057358e+00 2.007072019410951480e+00 1.000000000000000000e+00
2.190899133309537561e+00 1.914935422202693541e-02 3.000000000000000000e+00
6.284036271106495652e-01 3.247232806090563972e+00 0.000000000000000000e+00
1.927477582484548257e+00 -2.970312902650908415e-01 3.000000000000000000e+00
1.015564225582541225e+00 3.123676052399704695e+00 0.000000000000000000e+00
2.159612759059788445e+00 -2.038640785272001141e-02 3.000000000000000000e+00
5.315093581714476656e+00 2.413215796071136454e-01 3.000000000000000000e+00
1.254751186031755283e+00 3.393420349850947204e+00 0.000000000000000000e+00
5.105893064870541842e+00 3.027540241999477022e+00 0.000000000000000000e+00
1.904483829068655876e+00 5.199998837131635659e-03 3.000000000000000000e+00
5.057615633401030486e+00 2.996216367154068139e-01 3.000000000000000000e+00
2.307841401931012726e+00 -2.297408459273891923e-01 3.000000000000000000e+00
-1.740016446381704163e-01 7.383809390937474959e-02 2.000000000000000000e+00
5.038183096933493310e+00 3.420051027295768264e+00 0.000000000000000000e+00
4.277262852849263552e+00 2.109625916937638568e+00 2.000000000000000000e+00
4.946756298799275697e+00 3.006522909338671834e+00 0.000000000000000000e+00
3.012150039159901205e+00 2.042224951001543332e+00 1.000000000000000000e+00
3.642417421760056673e+00 2.072369463167913484e+00 2.000000000000000000e+00
3.904168580242783904e+00 2.070033431765655685e+00 2.000000000000000000e+00
2.022414127549816976e-01 -2.953125321040360740e-01 2.000000000000000000e+00
9.950766088248442776e-01 2.844967676166167969e+00 0.000000000000000000e+00
3.824360700861114459e+00 8.800390937858304508e-01 1.000000000000000000e+00
3.397385106951433809e-02 -2.328015942322404497e-01 2.000000000000000000e+00
1.809587579858748185e+00 -1.036291104797509716e-01 3.000000000000000000e+00
4.155483841049772309e+00 1.976245765579382141e+00 2.000000000000000000e+00
3.558831898519543291e+00 1.238537213550938709e+00 1.000000000000000000e+00
-5.634725381312256920e-02 4.112711046396587133e-01 2.000000000000000000e+00
1.554838410497725587e-01 -2.375423442061785906e-02 2.000000000000000000e+00
2.079576084976370254e+00 -1.992021778176799318e-01 3.000000000000000000e+00
3.712150039159901382e+00 1.042224951001543332e+00 1.000000000000000000e+00
1.899205210171536429e+00 3.591178330165285294e-03 3.000000000000000000e+00
2.776176920288054184e+00 2.391215780740728380e+00 1.000000000000000000e+00
4.193307850045811414e+00 2.142609810060653874e+00 2.000000000000000000e+00
3.098467311187329543e+00 1.863864371798222841e+00 1.000000000000000000e+00
4.968601265501336073e+00 -2.670405446030383323e-01 3.000000000000000000e+00
4.161768872053136725e+00 2.357950936641254103e+00 2.000000000000000000e+00
3.002670535269435170e+00 1.861061280942554852e+00 1.000000000000000000e+00
3.103014722727873043e+00 1.443493106469415421e+00 1.000000000000000000e+00
3.092232819995403670e+00 1.764803465711736852e+00 1.000000000000000000e+00
8.759998312103741691e-01 3.139606406814443584e+00 0.000000000000000000e+00
3.960200363239255061e+00 2.373294275030425116e+00 2.000000000000000000e+00
1.030827603566482065e-01 -2.229742104731873842e-01 2.000000000000000000e+00
1.060034063991165398e+00 2.929550030701296492e+00 0.000000000000000000e+00
5.150267447032097046e+00 2.807908728947003385e-02 3.000000000000000000e+00
2.057615633401030042e+00 2.996216367154068139e-01 3.000000000000000000e+00
4.156005427067725577e+00 1.874111679189244040e+00 2.000000000000000000e+00
1.207764920371882766e+00 3.437395929394851724e+00 0.000000000000000000e+00
2.772628528492637745e-01 1.096259169376386233e-01 2.000000000000000000e+00
9.022458774691971550e-02 -1.389841802370478108e-01 2.000000000000000000e+00
1.049759832277554095e+00 2.940671769525827539e+00 0.000000000000000000e+00
3.803014722727873220e+00 4.434931064694154212e-01 1.000000000000000000e+00
1.084698870812822680e+00 3.015468013669711844e+00 0.000000000000000000e+00
3.838230560705574224e+00 2.111487890571606574e+00 2.000000000000000000e+00
-8.378757953562461502e-02 -9.583698302548117332e-02 2.000000000000000000e+00
-4.284933458154737140e-01 -1.660337728045415961e-01 2.000000000000000000e+00
3.692926415024258002e+00 1.422121010720141854e+00 1.000000000000000000e+00
1.620946610504706786e+00 1.794582348893022580e-02 3.000000000000000000e+00
2.498711869464787849e+00 1.577167215616634754e+00 1.000000000000000000e+00
2.832810753316103436e-02 -5.032607721931497968e-01 2.000000000000000000e+00
1.571111190654309819e+00 -7.391248506748665514e-02 3.000000000000000000e+00
2.245031169854646347e+00 -2.107092147400630167e-01 3.000000000000000000e+00
5.163208736864811854e+00 -1.224813946257647529e-01 3.000000000000000000e+00
1.988126419490300112e+00 2.897978808316471477e-01 3.000000000000000000e+00
4.931229264885784502e+00 3.008719371366849415e+00 0.000000000000000000e+00
1.239783575980301311e+00 3.037031283496788969e+00 0.000000000000000000e+00
3.588501055642791648e+00 1.187833748839297598e+00 1.000000000000000000e+00
5.046018947072877125e+00 3.152402236062405105e+00 0.000000000000000000e+00
1.505665141361279602e+00 2.950273044456908078e+00 0.000000000000000000e+00
1.039659944025353999e+00 3.023801729161491814e+00 0.000000000000000000e+00
3.056949622169811587e+00 2.052493489092653611e+00 1.000000000000000000e+00
4.582721886908695197e+00 7.236032811420937960e-02 3.000000000000000000e+00
3.699621703432399489e+00 7.206759150809136649e-01 1.000000000000000000e+00
3.720237436266704556e+00 2.016353563761123180e+00 2.000000000000000000e+00
5.120463856059125796e+00 3.084056440729411985e+00 0.000000000000000000e+00
2.196990334343842388e+00 2.142504855691781673e-01 3.000000000000000000e+00
3.835506562219149540e+00 2.144342258422538450e+00 2.000000000000000000e+00
1.120463856059125796e+00 3.084056440729411985e+00 0.000000000000000000e+00
4.239566168344250485e+00 2.340918834274481330e+00 2.000000000000000000e+00
3.559920299015749023e+00 9.593211102070883234e-01 1.000000000000000000e+00
3.141382999970692147e+00 1.387505762723215907e+00 1.000000000000000000e+00
2.827736727844791353e+00 2.134942305137594420e+00 1.000000000000000000e+00
3.159005218884968880e+00 1.925112336231355803e+00 1.000000000000000000e+00
1.180318144118559065e+00 3.100498867780373757e+00 0.000000000000000000e+00
4.113156664043766675e+00 7.057686148334749721e-01 1.000000000000000000e+00
1.102585964083601766e+00 2.940381432979457088e+00 0.000000000000000000e+00
4.904483829068655432e+00 5.199998837131635659e-03 3.000000000000000000e+00
3.649164026478526335e+00 1.279968788496197218e+00 1.000000000000000000e+00
4.838764357609308675e+00 9.812338474620561912e-03 3.000000000000000000e+00
4.202241412754982086e+00 1.704687467895964037e+00 2.000000000000000000e+00
3.981508000048245677e+00 1.025820315942145067e+00 1.000000000000000000e+00
1.070109195732821483e+00 2.737543317752513694e+00 0.000000000000000000e+00
-5.516921251222867140e-02 2.457911171301394582e-01 2.000000000000000000e+00
3.660988531824819869e+00 1.161078684846436282e+00 1.000000000000000000e+00
3.702670535269435348e+00 8.610612809425547409e-01 1.000000000000000000e+00
3.672510081398331572e+00 2.791720540807592688e+00 2.000000000000000000e+00
4.958221153325044206e+00 3.117324638236439682e+00 0.000000000000000000e+00
4.990826662786046697e+00 -4.374669179354183368e-02 3.000000000000000000e+00
3.662684201297706998e+00 9.886351038228304855e-01 1.000000000000000000e+00
3.073266402908011674e+00 1.791082123618441546e+00 1.000000000000000000e+00
5.224283541647133156e+00 3.081780107587365425e+00 0.000000000000000000e+00
4.006988717872747685e+00 2.290783516321763358e+00 2.000000000000000000e+00
1.104115267414674140e+00 2.771131722075371506e+00 0.000000000000000000e+00
-7.696644976655808712e-02 2.916216477219039649e-01 2.000000000000000000e+00
4.208017830630819134e+00 1.816311992339994852e+00 2.000000000000000000e+00
3.955517194294018157e+00 2.294032068765147869e+00 2.000000000000000000e+00
2.669855746835180010e+00 1.821888883167390283e+00 1.000000000000000000e+00
9.464223840747968408e-01 3.106071093347637202e+00 0.000000000000000000e+00
6.205445755675346314e-02 -4.188495632445624617e-01 2.000000000000000000e+00
4.129728728818133021e+00 2.021468658764717929e+00 2.000000000000000000e+00
3.224682432404387011e+00 2.061053408048802105e+00 1.000000000000000000e+00
9.727110512207933768e-01 2.976189162445038061e+00 0.000000000000000000e+00
3.290285852118187027e+00 1.876392630463684208e+00 1.000000000000000000e+00
5.090043548407568785e+00 1.254874165506220940e-01 3.000000000000000000e+00
1.010161550955205767e+00 2.872600870686129237e+00 0.000000000000000000e+00
1.934189690131783879e+00 2.694210929340995486e-01 3.000000000000000000e+00
5.087197239259282355e+00 -1.374974786120348735e-01 3.000000000000000000e+00
1.056133015424527866e+00 2.985377459250544430e+00 0.000000000000000000e+00
7.253765359506487709e-01 3.063031878408458475e+00 0.000000000000000000e+00
8.625654599760801400e-01 2.830958871700255841e+00 0.000000000000000000e+00
5.063126989448321069e+00 2.595559756835199572e+00 0.000000000000000000e+00
-4.448280570598171779e-02 2.940320687651480358e-01 2.000000000000000000e+00
7.539883728666076923e-01 3.110107499195243097e+00 0.000000000000000000e+00
4.028328107533161173e+00 1.496739227806850092e+00 2.000000000000000000e+00
3.792232819995403847e+00 7.648034657117369628e-01 1.000000000000000000e+00
5.348962352843296131e+00 2.847758619820979220e+00 0.000000000000000000e+00
1.348962352843296131e+00 2.847758619820979220e+00 0.000000000000000000e+00
5.057117465050851912e+00 3.177028232854145706e+00 0.000000000000000000e+00
2.911554144097365349e+00 2.064705470720286318e+00 1.000000000000000000e+00
1.057117465050851690e+00 3.177028232854145706e+00 0.000000000000000000e+00
4.023389919771460654e+00 1.100548176399980926e+00 1.000000000000000000e+00
5.167796682774900674e+00 3.186220416260711286e+00 0.000000000000000000e+00
7.810176308517916555e-01 3.033876486611733814e+00 0.000000000000000000e+00
1.933078500458114690e-01 1.426098100606538466e-01 2.000000000000000000e+00
9.032319011104832096e-02 2.208348652606427209e-01 2.000000000000000000e+00
4.850568341249832827e+00 3.338490920205549273e+00 0.000000000000000000e+00
4.965514358489913072e+00 2.824428316415725781e+00 0.000000000000000000e+00
3.915101441885814548e+00 1.853693803653933436e+00 2.000000000000000000e+00
1.438139945793946772e+00 2.620727815421781237e+00 0.000000000000000000e+00
1.898205544435427772e+00 -3.329719097719187337e-02 3.000000000000000000e+00
-3.668003946400478360e-02 2.202000405336963507e-01 2.000000000000000000e+00
2.148671308702772453e+00 -3.019145368448086786e-01 3.000000000000000000e+00
2.014450379831176807e+00 2.019574669895117247e-01 3.000000000000000000e+00
1.331960435421974065e+00 3.148408832115467071e+00 0.000000000000000000e+00
2.106232758691244822e+00 8.001683950750967424e-04 3.000000000000000000e+00
1.292421587408994821e+00 2.587971858100469369e+00 0.000000000000000000e+00
4.062054457556753206e+00 1.581150436755437649e+00 2.000000000000000000e+00
3.048533888216359067e+00 2.040366035774801023e+00 1.000000000000000000e+00
3.777312779405401777e+00 1.986517995010629090e+00 2.000000000000000000e+00
3.978931057498491519e+00 2.126039134136981978e+00 2.000000000000000000e+00
1.880782733082467573e+00 1.723246202682408024e-01 3.000000000000000000e+00
3.986134260661903461e+00 1.978321586565292112e+00 2.000000000000000000e+00
4.908776488970262974e+00 -1.959780503323601542e-01 3.000000000000000000e+00
5.203710494953575960e+00 2.461116399909449304e-01 3.000000000000000000e+00
4.781932333509036681e+00 3.400376293291051955e-01 3.000000000000000000e+00
2.664215751234072727e+00 -1.200450660754629750e-01 3.000000000000000000e+00
5.173081525864935415e+00 2.539692260623943376e+00 0.000000000000000000e+00
4.241691265710392678e+00 2.223140360556897122e+00 2.000000000000000000e+00
5.135561514223962121e+00 -2.213146134783770536e-01 3.000000000000000000e+00
4.232287996334878954e+00 1.994494122746404363e+00 2.000000000000000000e+00
4.073446362776772744e+00 2.246579838475247559e+00 2.000000000000000000e+00
2.960988531824819692e+00 2.161078684846436282e+00 1.000000000000000000e+00
1.973041374140855231e+00 2.098436581505135623e-01 3.000000000000000000e+00
4.928155180857852535e+00 1.010763805505835305e-01 3.000000000000000000e+00
9.249430099819770934e-01 2.872253918509155568e+00 0.000000000000000000e+00
4.975421954896270371e+00 2.812846113148186333e+00 0.000000000000000000e+00
3.202025435466945069e+00 2.184003586649552631e+00 1.000000000000000000e+00
3.915428607721844756e+00 2.017292881304857399e+00 2.000000000000000000e+00
1.063807819211419758e+00 2.950125924904518193e+00 0.000000000000000000e+00
1.881507742969346086e+00 -4.609815875540276275e-01 3.000000000000000000e+00
5.505665141361279602e+00 2.950273044456908078e+00 0.000000000000000000e+00
5.049759832277554317e+00 2.940671769525827539e+00 0.000000000000000000e+00
4.688611688426993496e+00 -1.224884256568688629e-01 3.000000000000000000e+00
1.324869072732648423e+00 2.877648717269984946e+00 0.000000000000000000e+00
3.990285852118187204e+00 8.763926304636842080e-01 1.000000000000000000e+00
-4.454225263700029025e-01 -3.398667209444591886e-01 2.000000000000000000e+00
2.203710494953576404e+00 2.461116399909449304e-01 3.000000000000000000e+00
9.387591974743256795e-01 3.165594928521449081e+00 0.000000000000000000e+00
9.638159395843699517e-01 2.879215874441348522e+00 0.000000000000000000e+00
2.441382999970691969e+00 2.387505762723216129e+00 1.000000000000000000e+00
2.885753856992618327e-01 -1.079363124404984914e-01 2.000000000000000000e+00
4.025675398031189012e+00 2.352083036715064246e+00 2.000000000000000000e+00
3.684168742921106965e+00 1.834274404228718902e+00 2.000000000000000000e+00
3.056535142449684272e+00 1.834780513630535959e+00 1.000000000000000000e+00
5.099453819729195203e+00 4.746653986791932178e-02 3.000000000000000000e+00
3.683098394519074059e+00 9.405276234452992767e-01 1.000000000000000000e+00
5.148111290219254954e+00 2.809259879638413171e+00 0.000000000000000000e+00
3.392241350851071591e+00 9.104209630567763334e-01 1.000000000000000000e+00
1.273166818829261915e-01 2.818506778728016582e-01 2.000000000000000000e+00
7.111772389140820216e-01 2.899106827410709908e+00 0.000000000000000000e+00
4.809587579858748185e+00 -1.036291104797509716e-01 3.000000000000000000e+00
1.996509009632764453e+00 1.462805034250131420e-01 3.000000000000000000e+00
1.741939605064484753e-01 -1.016914268550801470e-01 2.000000000000000000e+00
4.849120411800669217e+00 3.250573631046657752e+00 0.000000000000000000e+00
2.776705996423050937e+00 2.016185420194655631e+00 1.000000000000000000e+00
1.197267037564248460e+00 3.042706780267088185e+00 0.000000000000000000e+00
4.783857861510898424e+00 1.450948008963071356e-01 3.000000000000000000e+00
1.946325739175884584e+00 -2.633512525740366525e-02 3.000000000000000000e+00
4.288575385699261666e+00 1.892063687559501606e+00 2.000000000000000000e+00
5.145110103615746944e+00 -6.484084389704221352e-02 3.000000000000000000e+00
-1.534619652663469502e-01 1.349141413912007537e-01 2.000000000000000000e+00
2.813217068874699578e+00 1.893395934783280055e+00 1.000000000000000000e+00
3.887242253083539545e+00 2.017937281464518229e+00 2.000000000000000000e+00
4.939804769208932633e+00 1.614911834010540614e-01 3.000000000000000000e+00
4.174193960506448420e+00 1.898308573144919853e+00 2.000000000000000000e+00
4.219799266549435934e+00 1.819673101904800472e+00 2.000000000000000000e+00
3.652411612849563838e+00 1.231057577217645083e+00 1.000000000000000000e+00
-2.797625637332952775e-01 1.635356376112328744e-02 2.000000000000000000e+00
4.880782733082467573e+00 1.723246202682408024e-01 3.000000000000000000e+00
4.943427289673031133e+00 -5.326537686374402392e-02 3.000000000000000000e+00
2.934700100384363353e+00 1.731464842124512682e+00 1.000000000000000000e+00
5.079576084976370254e+00 -1.992021778176799318e-01 3.000000000000000000e+00
3.756949622169811764e+00 1.052493489092653611e+00 1.000000000000000000e+00
5.169232129517006946e+00 2.828096811833602509e+00 0.000000000000000000e+00
5.239783575980301755e+00 3.037031283496788969e+00 0.000000000000000000e+00
3.387618226576162295e-01 3.937395585005828980e-02 2.000000000000000000e+00
5.067444187661691579e+00 2.016130866151526480e-01 3.000000000000000000e+00
2.890845166403486655e+00 1.960232427422220702e+00 1.000000000000000000e+00
4.988126419490300556e+00 2.897978808316471477e-01 3.000000000000000000e+00
2.213794324440252481e+00 8.074286204567853939e-03 3.000000000000000000e+00
1.809818149789846009e+00 -1.408700663046917601e-01 3.000000000000000000e+00
1.688611688426993718e+00 -1.224884256568688629e-01 3.000000000000000000e+00
4.875999831210374502e+00 3.139606406814443584e+00 0.000000000000000000e+00
5.180318144118559509e+00 3.100498867780373757e+00 0.000000000000000000e+00
-2.863914900144752876e-02 2.065967557899502371e-01 2.000000000000000000e+00
2.064253182896766514e+00 -1.450429851490732391e-01 3.000000000000000000e+00
4.136800265636390250e+00 1.929318003426597095e+00 2.000000000000000000e+00
3.021244544807043741e+00 1.694863936754128497e+00 1.000000000000000000e+00
4.324182457124349455e+00 1.838763036523555217e+00 2.000000000000000000e+00
5.148671308702772009e+00 -3.019145368448086786e-01 3.000000000000000000e+00
1.760827697935103631e+00 5.011960570637346013e-01 3.000000000000000000e+00
4.964077541069728206e+00 1.003450218690331019e-01 3.000000000000000000e+00
1.368002656363906111e-01 -7.068199657340287767e-02 2.000000000000000000e+00
2.078621848970796826e+00 -3.647839705250388032e-01 3.000000000000000000e+00
3.971360850998552294e+00 2.206596755789950404e+00 2.000000000000000000e+00
-9.583141975721598538e-02 7.003343176565578199e-02 2.000000000000000000e+00
5.307841401931012726e+00 -2.297408459273891923e-01 3.000000000000000000e+00
4.460327651666790238e+00 -2.426676251657409189e-01 3.000000000000000000e+00
2.900357287273784390e+00 1.937803004339429869e+00 1.000000000000000000e+00
4.127316681882926552e+00 2.281850677872801825e+00 2.000000000000000000e+00
7.454882489508011245e-01 3.062709544092686365e+00 0.000000000000000000e+00
3.644180455691341969e+00 1.324569817190800247e+00 1.000000000000000000e+00
3.783460400994972606e+00 1.156954130203117881e+00 1.000000000000000000e+00
5.193244172515668389e+00 1.451833705041642442e-01 3.000000000000000000e+00
1.584639595615289220e+00 1.895002334691351931e-01 3.000000000000000000e+00
5.108529058913263476e+00 -3.916338171198021634e-01 3.000000000000000000e+00
3.652712609637402963e+00 1.145562699999929768e+00 1.000000000000000000e+00
-3.552643919671019668e-02 -3.020912750175137607e-01 2.000000000000000000e+00
5.138514869507870841e+00 -9.573447128313231080e-02 3.000000000000000000e+00
1.148111290219254954e+00 2.809259879638413171e+00 0.000000000000000000e+00
3.678001701967278603e+00 1.001709789087204872e+00 1.000000000000000000e+00
-4.575316577403248930e-02 3.226722749126231249e-01 2.000000000000000000e+00
3.492870178455945163e-01 -1.550140574146869898e-01 2.000000000000000000e+00
2.714688915895893562e+00 2.353591989662205286e+00 1.000000000000000000e+00
1.224283541647132711e+00 3.081780107587365425e+00 0.000000000000000000e+00
9.379766452963880230e-01 2.513032447178572326e+00 0.000000000000000000e+00
1.816841630186264211e+00 -8.145040860399316296e-02 3.000000000000000000e+00
4.074334058242373047e+00 2.370601897013875803e+00 2.000000000000000000e+00
3.631002557969004396e+00 9.538320513729061645e-01 1.000000000000000000e+00
4.349287017845594683e+00 1.844985942585313010e+00 2.000000000000000000e+00
4.103082760356648429e+00 1.777025789526812671e+00 2.000000000000000000e+00
3.879768639870123437e+00 2.111214702015477229e+00 2.000000000000000000e+00
9.025680320803418366e-02 -3.368119971736474594e-01 2.000000000000000000e+00
1.730447011749267183e+00 2.941479713382738059e-01 3.000000000000000000e+00
1.814625612158275114e+00 -3.648408127261951184e-02 3.000000000000000000e+00
1.024031790496325867e+00 3.123440621941483641e+00 0.000000000000000000e+00
4.168172311628220328e+00 1.979422556485292528e+00 2.000000000000000000e+00
3.816929322095485411e+00 1.064854848689684275e+00 1.000000000000000000e+00
3.893553195820364632e+00 2.223626679343539081e+00 2.000000000000000000e+00
1.610990608277592218e+00 -1.830848736463412396e-01 3.000000000000000000e+00
3.963319960535995001e+00 2.220200040533696573e+00 2.000000000000000000e+00
4.745907844722903945e+00 5.659910676220032688e-02 3.000000000000000000e+00
5.084698870812822236e+00 3.015468013669711844e+00 0.000000000000000000e+00
1.323362152931965019e-01 1.972704360424128722e-01 2.000000000000000000e+00
1.032007413889566072e+00 3.175233784223244982e+00 0.000000000000000000e+00
4.610990608277591996e+00 -1.830848736463412396e-01 3.000000000000000000e+00
1.706564371647466549e-01 -2.794234608821449459e-02 2.000000000000000000e+00
5.100636962687064901e+00 3.258645176506452579e+00 0.000000000000000000e+00
5.254751186031755061e+00 3.393420349850947204e+00 0.000000000000000000e+00
3.964473560803289942e+00 1.697908724982486239e+00 2.000000000000000000e+00
3.083460400994972428e+00 2.156954130203117881e+00 1.000000000000000000e+00
3.672804534779882335e+00 8.405460429013740242e-01 1.000000000000000000e+00
3.844428234674517331e+00 2.223168221584833848e+00 2.000000000000000000e+00
5.015564225582541447e+00 3.123676052399704695e+00 0.000000000000000000e+00
3.948203429319893321e+00 2.037858639511731518e+00 2.000000000000000000e+00
4.865867542742194019e+00 3.075512757264184049e+00 0.000000000000000000e+00
2.063630839935737704e+00 -3.846326819527446077e-03 3.000000000000000000e+00
3.726809639310924904e+00 1.240410972439941251e+00 1.000000000000000000e+00
-3.979963676074488310e-02 3.732942750304250601e-01 2.000000000000000000e+00
5.158561373183869314e+00 2.875293854064041810e+00 0.000000000000000000e+00
3.116929322095485233e+00 2.064854848689684275e+00 1.000000000000000000e+00
5.070223379302192690e+00 -1.375409261572769527e-02 3.000000000000000000e+00
3.463536374698073406e+00 8.668490963601747090e-01 1.000000000000000000e+00
9.626860456185302173e-01 2.979650825494171151e+00 0.000000000000000000e+00
5.232067713998754144e+00 3.073898543275144668e+00 0.000000000000000000e+00
2.763536374698073228e+00 1.866849096360174709e+00 1.000000000000000000e+00
2.089988819347795013e-01 1.217029396969699362e-01 2.000000000000000000e+00
8.616678496549381450e-01 2.920649294628804515e+00 0.000000000000000000e+00
3.513217068874699756e+00 8.933959347832801656e-01 1.000000000000000000e+00
4.993636565460241705e+00 2.249754848283916711e-02 3.000000000000000000e+00
4.763779365445635072e+00 -9.198602088691626433e-02 3.000000000000000000e+00
1.173081525864935637e+00 2.539692260623943376e+00 0.000000000000000000e+00
3.756535142449684450e+00 8.347805136305359586e-01 1.000000000000000000e+00
