# x1, x2, y
4.261941181136530865e+00 1.769003473014127081e+00 2.000000000000000000e+00
2.087197239259281911e+00 -1.374974786120348735e-01 3.000000000000000000e+00
5.102585964083601766e+00 2.940381432979457088e+00 0.000000000000000000e+00
2.904925424972403469e+00 2.095522036363511642e+00 1.000000000000000000e+00
4.962686045618529995e+00 2.979650825494171151e+00 0.000000000000000000e+00
1.380931741668196322e+00 3.222211339712100830e+00 0.000000000000000000e+00
3.365160838476213723e+00 1.165005964887797063e+00 1.000000000000000000e+00
1.978707975688892118e+00 -5.581992813387692820e-01 3.000000000000000000e+00
3.880866423817941779e+00 1.938175736271627647e+00 2.000000000000000000e+00
2.284722885869797437e+00 1.807998348007053835e-01 3.000000000000000000e+00
3.433609666696550544e+00 6.478622879202433626e-01 1.000000000000000000e+00
-1.202313601298767021e-01 1.112147020154770627e-01 2.000000000000000000e+00
2.808914947525262384e+00 2.117182086220523285e+00 1.000000000000000000e+00
3.495622811071738223e+00 1.158905647920216442e+00 1.000000000000000000e+00
4.946422384074796952e+00 3.106071093347637202e+00 0.000000000000000000e+00
3.620774887157417188e-02 2.214350901898124724e-01 2.000000000000000000e+00
4.865750773832636433e+00 2.997467080216219770e+00 0.000000000000000000e+00
4.127565613487896634e+00 8.428932006159528534e-01 1.000000000000000000e+00
2.752629324691720392e+00 2.175167785529859898e+00 1.000000000000000000e+00
3.925039062539469548e+00 1.850006076544866707e+00 2.000000000000000000e+00
1.167796682774901118e+00 3.186220416260711286e+00 0.000000000000000000e+00
3.923033550233442135e+00 2.291621647721903798e+00 2.000000000000000000e+00
3.362106982825091350e+00 1.738854615488452549e+00 1.000000000000000000e+00
4.090031102553435716e+00 2.353067020103814411e+00 2.000000000000000000e+00
-1.191335761820580680e-01 -6.182426372837243611e-02 2.000000000000000000e+00
3.675907085642298622e+00 7.533758529107146273e-01 1.000000000000000000e+00
5.206690160652847510e+00 -2.925465492227076469e-02 3.000000000000000000e+00
9.105742870428004121e-01 3.244901540961099951e+00 0.000000000000000000e+00
2.665160838476213545e+00 2.165005964887797063e+00 1.000000000000000000e+00
2.135561514223962121e+00 -2.213146134783770536e-01 3.000000000000000000e+00
5.118007892832165950e+00 -1.358767565994468685e-01 3.000000000000000000e+00
4.894365649547308905e+00 2.785406275568766077e+00 0.000000000000000000e+00
4.105775949117035140e+00 1.552582697777505905e+00 2.000000000000000000e+00
5.258709924132661584e+00 -8.779953273325552532e-02 3.000000000000000000e+00
-9.323097136518559980e-02 2.769982687297277701e-01 2.000000000000000000e+00
3.870656244391124545e+00 9.173941380577935734e-01 1.000000000000000000e+00
9.616328895276770039e-01 2.822474207183032657e+00 0.000000000000000000e+00
5.085184035300563288e+00 9.816079428326095202e-03 3.000000000000000000e+00
3.410234688571488704e+00 2.117132400034476447e+00 1.000000000000000000e+00
1.620237588136141049e+00 -2.234221384878225247e-01 3.000000000000000000e+00
3.666360232051057100e+00 9.651639311384018205e-01 1.000000000000000000e+00
-2.215425004569104850e-01 -3.543663582028452191e-03 2.000000000000000000e+00
3.902025435466945247e+00 1.184003586649552631e+00 1.000000000000000000e+00
5.030003255745560509e+00 9.270686434633310102e-02 3.000000000000000000e+00
4.102187554898417687e+00 2.342132367734226950e+00 2.000000000000000000e+00
1.097703629307499318e+00 2.984885657395788705e+00 0.000000000000000000e+00
3.170656244391124368e+00 1.917394138057793462e+00 1.000000000000000000e+00
3.686852369868819146e+00 2.202764493394341105e+00 2.000000000000000000e+00
3.124216540167801703e+00 2.191224340824939443e+00 1.000000000000000000e+00
2.692241350851071413e+00 1.910420963056776333e+00 1.000000000000000000e+00
3.543617663462640177e+00 9.124982034342837833e-01 1.000000000000000000e+00
4.934189690131783657e+00 2.694210929340995486e-01 3.000000000000000000e+00
3.087633269458247565e+00 2.224465664331418679e+00 1.000000000000000000e+00
3.798467311187329720e+00 8.638643717982228409e-01 1.000000000000000000e+00
5.162190334560711413e+00 3.208888418941451715e+00 0.000000000000000000e+00
3.325367804472939781e+00 1.184123023610991199e+00 1.000000000000000000e+00
3.130916030517340243e+00 1.989762310478467189e+00 1.000000000000000000e+00
4.955534371477928524e+00 2.959848386214000371e+00 0.000000000000000000e+00
2.845027450526355778e-02 1.027010959977094906e-01 2.000000000000000000e+00
5.220447346517068432e+00 -2.459148507092857872e-01 3.000000000000000000e+00
1.226325877490285432e+00 3.303963363284439847e+00 0.000000000000000000e+00
2.030003255745560953e+00 9.270686434633310102e-02 3.000000000000000000e+00
1.112552219323805325e+00 3.048147418447546553e+00 0.000000000000000000e+00
4.711177238914082466e+00 2.899106827410709908e+00 0.000000000000000000e+00
5.180171189852882385e+00 2.863254428165133536e+00 0.000000000000000000e+00
1.088272888713716302e+00 2.979968953343300253e+00 0.000000000000000000e+00
3.704372567325310506e+00 9.062652367444217205e-01 1.000000000000000000e+00
2.978001701967278425e+00 2.001709789087204872e+00 1.000000000000000000e+00
-3.575825782399431607e-01 7.236946316791365019e-02 2.000000000000000000e+00
-2.613068145688037247e-01 1.527609603191840137e-02 2.000000000000000000e+00
3.019085017438251750e+00 2.184290013731902125e+00 1.000000000000000000e+00
4.946325739175884806e+00 -2.633512525740366525e-02 3.000000000000000000e+00
4.036207748871573742e+00 2.221435090189812556e+00 2.000000000000000000e+00
3.823597106784067279e+00 9.631647348692509158e-01 1.000000000000000000e+00
5.021606163462468686e+00 5.883523794153128553e-03 3.000000000000000000e+00
-8.296938025764709346e-02 9.038920746424461417e-02 2.000000000000000000e+00
2.293800752798965947e-01 -9.940515831735169047e-03 2.000000000000000000e+00
3.738693185431196220e+00 2.015276096031918485e+00 2.000000000000000000e+00
1.968601265501336517e+00 -2.670405446030383323e-01 3.000000000000000000e+00
2.220447346517068432e+00 -2.459148507092857872e-01 3.000000000000000000e+00
3.277755879274053541e+00 1.867731151369396159e+00 1.000000000000000000e+00
3.676802962905520999e+00 9.649082062676495042e-01 1.000000000000000000e+00
4.898205544435427328e+00 -3.329719097719187337e-02 3.000000000000000000e+00
3.823707826157258793e+00 9.113656138598724699e-01 1.000000000000000000e+00
1.063126989448321069e+00 2.595559756835199572e+00 0.000000000000000000e+00
2.258709924132661584e+00 -8.779953273325552532e-02 3.000000000000000000e+00
2.090043548407569229e+00 1.254874165506220940e-01 3.000000000000000000e+00
5.207764920371882766e+00 3.437395929394851724e+00 0.000000000000000000e+00
-3.438788949239046655e-01 1.142419921641841564e-02 2.000000000000000000e+00
4.862565459976080362e+00 2.830958871700255841e+00 0.000000000000000000e+00
2.952712609637402785e+00 2.145562699999929990e+00 1.000000000000000000e+00
2.138514869507871285e+00 -9.573447128313231080e-02 3.000000000000000000e+00
5.024031790496326089e+00 3.123440621941483641e+00 0.000000000000000000e+00
3.414688915895893739e+00 1.353591989662205286e+00 1.000000000000000000e+00
1.226753888467087439e+00 2.780021746537193916e+00 0.000000000000000000e+00
3.829708868693834756e+00 2.200176284736060417e+00 2.000000000000000000e+00
3.931219858157921632e+00 1.799966162025496752e+00 2.000000000000000000e+00
1.730260710640551647e+00 2.605071072972360291e-01 3.000000000000000000e+00
4.745488248950801236e+00 3.062709544092686365e+00 0.000000000000000000e+00
2.910252393465675436e+00 1.865510392242680782e+00 1.000000000000000000e+00
5.064253182896766070e+00 -1.450429851490732391e-01 3.000000000000000000e+00
2.983098394519073882e+00 1.940527623445299277e+00 1.000000000000000000e+00
4.972129638909815519e+00 -1.457074978849403069e-01 3.000000000000000000e+00
2.197992665494358511e-01 -1.803268980951996114e-01 2.000000000000000000e+00
3.241824571243495101e-01 -1.612369634764448389e-01 2.000000000000000000e+00
3.824216540167801881e+00 1.191224340824939221e+00 1.000000000000000000e+00
4.973041374140855453e+00 2.098436581505135623e-01 3.000000000000000000e+00
2.858831898519543113e+00 2.238537213550938709e+00 1.000000000000000000e+00
-1.702911313061653553e-01 2.001762847360601949e-01 2.000000000000000000e+00
5.078621848970796826e+00 -3.647839705250388032e-01 3.000000000000000000e+00
2.711824795141632105e+00 2.246450614165687032e+00 1.000000000000000000e+00
2.221723351597935103e+00 -1.405840805820337269e-01 3.000000000000000000e+00
4.937976645296387801e+00 2.513032447178572326e+00 0.000000000000000000e+00
3.611554144097365526e+00 1.064705470720286318e+00 1.000000000000000000e+00
2.919824361642214594e+00 2.164801123690081486e+00 1.000000000000000000e+00
1.681723116282207720e-01 -2.057744351470752048e-02 2.000000000000000000e+00
1.232067713998753922e+00 3.073898543275144668e+00 0.000000000000000000e+00
3.427565613487896456e+00 1.842893200615952853e+00 1.000000000000000000e+00
3.924682432404387189e+00 1.061053408048802105e+00 1.000000000000000000e+00
3.508914947525262562e+00 1.117182086220523063e+00 1.000000000000000000e+00
4.938759197474325902e+00 3.165594928521449081e+00 0.000000000000000000e+00
5.331960435421974509e+00 3.148408832115467071e+00 0.000000000000000000e+00
3.311335318866329480e+00 1.070498872873866691e+00 1.000000000000000000e+00
4.003432945274817634e+00 1.914171544352981202e+00 2.000000000000000000e+00
3.452629324691720569e+00 1.175167785529859898e+00 1.000000000000000000e+00
2.322879963348787324e-01 -5.505877253595601283e-03 2.000000000000000000e+00
1.100636962687065123e+00 3.258645176506452579e+00 0.000000000000000000e+00
4.066943525329937970e+00 1.112876571098862843e+00 1.000000000000000000e+00
3.787633269458247742e+00 1.224465664331418457e+00 1.000000000000000000e+00
3.933743366013474407e+00 2.077307829026618258e+00 2.000000000000000000e+00
1.582721886908694753e+00 7.236032811420937960e-02 3.000000000000000000e+00
2.619411811365306986e-01 -2.309965269858728909e-01 2.000000000000000000e+00
5.226325877490284988e+00 3.303963363284439847e+00 0.000000000000000000e+00
8.491204118006694390e-01 3.250573631046657752e+00 0.000000000000000000e+00
3.721244544807043919e+00 6.948639367541284972e-01 1.000000000000000000e+00
1.993636565460241705e+00 2.249754848283916711e-02 3.000000000000000000e+00
3.323389919771460033e+00 2.100548176399980704e+00 1.000000000000000000e+00
4.924096496893223929e+00 -2.029607381717342118e-01 3.000000000000000000e+00
8.657507738326362112e-01 2.997467080216219770e+00 0.000000000000000000e+00
1.131809959220042128e+00 2.674512331876748306e+00 0.000000000000000000e+00
3.832204057519738694e+00 1.358431641795113443e+00 1.000000000000000000e+00
4.261241213027089358e+00 1.879079406167124766e+00 2.000000000000000000e+00
3.874931599706802565e+00 1.881231386549098161e+00 2.000000000000000000e+00
5.245031169854645903e+00 -2.107092147400630167e-01 3.000000000000000000e+00
4.820263361336270869e+00 6.393138838891869458e-02 3.000000000000000000e+00
2.952411612849563660e+00 2.231057577217645083e+00 1.000000000000000000e+00
4.109248205036231671e-01 1.068190735966958495e-02 2.000000000000000000e+00
-5.033484152628488195e-02 7.654303474487278436e-02 2.000000000000000000e+00
1.745907844722903945e+00 5.659910676220032688e-02 3.000000000000000000e+00
2.976802962905520822e+00 1.964908206267649504e+00 1.000000000000000000e+00
9.754219548962703712e-01 2.812846113148186333e+00 0.000000000000000000e+00
2.080178306308190506e-01 -1.836880076600052036e-01 2.000000000000000000e+00
9.779105947165367407e-01 2.876527587257527774e+00 0.000000000000000000e+00
4.090323190111048390e+00 2.220834865260642665e+00 2.000000000000000000e+00
3.916212420464375565e+00 1.904163016974518730e+00 2.000000000000000000e+00
4.090256803208034420e+00 1.663188002826352596e+00 2.000000000000000000e+00
2.085184035300563288e+00 9.816079428326095202e-03 3.000000000000000000e+00
3.167200943886853803e+00 2.308671822160896614e+00 1.000000000000000000e+00
7.714963603955720117e-01 2.930131455517424488e+00 0.000000000000000000e+00
1.763779365445635294e+00 -9.198602088691626433e-02 3.000000000000000000e+00
