# x1, x2, y
2.392911771704795854e+00 1.653505209521190622e+00 1.000000000000000000e+00
5.130795858888922645e+00 7.937537820819476897e-01 1.000000000000000000e+00
1.153878946125402649e+00 1.910572149469185188e+00 0.000000000000000000e+00
-1.426118625413946295e-01 2.143283054545267241e+00 1.000000000000000000e+00
9.440290684277953259e-01 1.969476238241256505e+00 0.000000000000000000e+00
5.713976125022943720e-01 3.333317009568151246e+00 1.000000000000000000e+00
1.497741257714320540e+00 1.247508947331695817e+00 0.000000000000000000e+00
4.968061963533338066e+00 1.627010779918460770e-01 1.000000000000000000e+00
1.821299635726912891e+00 1.907263604407441360e+00 1.000000000000000000e+00
5.427084328804696156e+00 1.271199752201058075e+00 1.000000000000000000e+00
1.600414500044825550e+00 4.717934318803650440e-01 0.000000000000000000e+00
8.196529598051849330e-01 1.668220530232155663e-01 0.000000000000000000e+00
-2.866275787121067564e-01 2.175773129330784705e+00 1.000000000000000000e+00
1.693434216607607290e+00 1.238358471880324663e+00 0.000000000000000000e+00
9.196335761121952057e-01 2.159106640021455803e+00 0.000000000000000000e+00
1.054311623307361279e+00 3.321526352847186669e-01 0.000000000000000000e+00
7.986261607489543168e-01 1.996200620324329655e+00 0.000000000000000000e+00
2.641348420231844685e+00 7.643398009239293911e-01 0.000000000000000000e+00
-3.710560129624191905e-01 2.262751678294789848e+00 1.000000000000000000e+00
1.887558593809204099e+00 1.775009114817300171e+00 1.000000000000000000e+00
2.516950241623514550e-01 3.279330624391067150e+00 1.000000000000000000e+00
1.884550325350162758e+00 2.437432471582856142e+00 1.000000000000000000e+00
5.431604742376369144e-01 1.608281923232678823e+00 1.000000000000000000e+00
2.135046653830153573e+00 2.529600530155721394e+00 1.000000000000000000e+00
8.212996357269128911e-01 -9.273639559255864029e-02 0.000000000000000000e+00
1.963860628463447666e+00 6.300637793660719410e-01 0.000000000000000000e+00
3.310035240979271265e+00 -4.388198238340614010e-02 0.000000000000000000e+00
-1.341385694357994651e-01 3.367352311441649704e+00 1.000000000000000000e+00
-5.022587422856795714e-01 2.247508947331695595e+00 1.000000000000000000e+00
5.203342271335943181e+00 6.680280797824345029e-01 1.000000000000000000e+00
3.177011839248248926e+00 -2.038151348991703027e-01 0.000000000000000000e+00
8.415484743209633578e-01 1.678109413353148893e+00 0.000000000000000000e+00
2.158663923675552265e+00 1.328874046666258746e+00 1.000000000000000000e+00
3.388064886198992376e+00 -1.316992990998832602e-01 0.000000000000000000e+00
8.601535429522215725e-01 4.154974030945915997e-01 0.000000000000000000e+00
2.255984366586686551e+00 8.760912070866903045e-01 0.000000000000000000e+00
-5.755066570848447333e-02 2.733711310774549208e+00 1.000000000000000000e+00
3.127776052950844932e+00 1.472411914248914280e-02 0.000000000000000000e+00
6.153520328572332776e-01 2.175698600051714671e+00 1.000000000000000000e+00
4.430356382204211130e+00 6.648667922682662823e-01 1.000000000000000000e+00
1.949540348076585161e+00 9.477458967076027863e-01 0.000000000000000000e+00
6.676862493146342725e-01 -5.315495373042678287e-03 0.000000000000000000e+00
2.303038153200417160e+00 1.276005379974328946e+00 0.000000000000000000e+00
3.045004883618341207e+00 1.390602965194996377e-01 0.000000000000000000e+00
2.153281332347626531e+00 2.513198551601340647e+00 1.000000000000000000e+00
1.465554439612491155e-01 2.977328486093683502e+00 1.000000000000000000e+00
2.559843665866866624e-01 1.876091207086690416e+00 1.000000000000000000e+00
1.530278554803228275e+00 2.304146740091511880e+00 1.000000000000000000e+00
1.863248102517025273e-01 2.286836511237408942e+00 1.000000000000000000e+00
-4.616379737233929359e-01 1.865631444585164500e+00 1.000000000000000000e+00
1.765426495193959777e+00 8.687473051514257305e-01 0.000000000000000000e+00
2.901284535197675929e+00 4.041316394011492674e-01 0.000000000000000000e+00
1.314499041873712359e-01 2.336698496497127575e+00 1.000000000000000000e+00
2.147700966780994758e+00 7.957965576973342614e-01 0.000000000000000000e+00
1.243285501841066676e+00 2.313332628412177794e+00 0.000000000000000000e+00
1.438051706709409405e+00 1.276184535416486909e+00 0.000000000000000000e+00
1.963740457760101144e-01 1.984643465717700783e+00 1.000000000000000000e+00
9.333015572168922303e-01 1.939772579321000778e+00 0.000000000000000000e+00
1.042675411757895354e+00 1.540516439965642359e-01 0.000000000000000000e+00
3.330671019775602648e+00 -3.688722760639286391e-01 0.000000000000000000e+00
3.394888162354280925e-01 3.455945044926659548e+00 1.000000000000000000e+00
5.045004883618340763e+00 1.139060296519499582e+00 1.000000000000000000e+00
1.688283289857078762e-01 3.072221127671319607e+00 1.000000000000000000e+00
5.667658583711232545e-01 1.848660241116064640e+00 0.000000000000000000e+00
1.270256784779323578e+00 1.794881642247700082e+00 0.000000000000000000e+00
1.324093330705746197e-01 2.969953430014950158e+00 1.000000000000000000e+00
2.006558850987965936e+00 8.593978551166325808e-01 0.000000000000000000e+00
-3.299744704908204318e-02 2.002564683630807529e+00 1.000000000000000000e+00
4.636261326400853422e-01 1.085541947518704753e-01 0.000000000000000000e+00
6.080397781467945517e-01 2.291414404787760206e-02 0.000000000000000000e+00
2.862752615737730599e-02 2.276435020597853409e+00 1.000000000000000000e+00
2.919488608763827209e+00 -3.950268788610549614e-02 0.000000000000000000e+00
2.054311623307361057e+00 2.332152635284718833e+00 1.000000000000000000e+00
2.185395660176100208e+00 9.447471023038763738e-01 0.000000000000000000e+00
3.032409245193703473e+00 8.825285691229691962e-03 0.000000000000000000e+00
8.755459296135293945e-01 1.355838111963669212e-01 0.000000000000000000e+00
1.344070112919844906e+00 -1.491077374760275097e-02 0.000000000000000000e+00
1.608039778146794552e+00 2.022914144047877727e+00 1.000000000000000000e+00
4.952901898252004997e+00 5.994391830954426403e-01 1.000000000000000000e+00
5.330671019775602204e+00 6.311277239360713054e-01 1.000000000000000000e+00
4.166338189110804779e-01 1.801596727054094460e+00 1.000000000000000000e+00
1.965204444358281233e+00 9.473623094014742563e-01 0.000000000000000000e+00
2.847308316653141436e+00 -4.994578646578780312e-02 0.000000000000000000e+00
2.185561739235887924e+00 8.670484207898087048e-01 0.000000000000000000e+00
9.469048417248156213e-02 2.393339635252798914e+00 1.000000000000000000e+00
5.388064886198992376e+00 8.683007009001166843e-01 1.000000000000000000e+00
5.135065322611353622e+00 1.188231124825933183e+00 1.000000000000000000e+00
1.311647380557824150e+00 2.656093894092277363e+00 0.000000000000000000e+00
4.841816576141431128e-01 1.713629882462762086e-02 0.000000000000000000e+00
7.938481899641202100e-01 1.746438307550384206e+00 0.000000000000000000e+00
-7.093108554389601639e-02 2.218344049999894541e+00 1.000000000000000000e+00
5.207772304261807150e+00 8.563982930753015754e-01 1.000000000000000000e+00
1.036047685744488689e+00 2.185160932912225906e+00 0.000000000000000000e+00
1.572033373843840343e+00 1.530387984493307929e+00 0.000000000000000000e+00
3.401308327006312138e-01 2.670032619805790652e+00 1.000000000000000000e+00
1.744563303040751912e+00 2.300264427104090181e+00 1.000000000000000000e+00
1.896829787236882225e+00 1.699949243038245239e+00 1.000000000000000000e+00
4.595391065960827248e+00 1.390760660945854044e+00 1.000000000000000000e+00
6.182323734262017423e-01 2.094064316139029547e+00 0.000000000000000000e+00
-1.346214098014868188e-01 1.798265588364021061e+00 1.000000000000000000e+00
3.096379774345149549e+00 -2.175644777236098448e-01 0.000000000000000000e+00
-2.535240822138893832e-02 1.910791435167948915e+00 1.000000000000000000e+00
2.958194458364723722e+00 -2.185612468274104603e-01 0.000000000000000000e+00
1.329698899824153679e+00 -2.704903471427994033e-01 0.000000000000000000e+00
1.486273685686524182e+00 -2.418554452146672307e-01 0.000000000000000000e+00
2.186324810251702555e+00 1.286836511237408942e+00 0.000000000000000000e+00
2.959562061211282735e+00 3.147654872257703018e-01 0.000000000000000000e+00
-2.117521522206851636e-01 2.357805820326408064e+00 1.000000000000000000e+00
7.445633030407519115e-01 3.002644271040902924e-01 0.000000000000000000e+00
3.117932773456195239e+00 -5.471759557875581770e-01 0.000000000000000000e+00
-4.322628072875519534e-01 2.369675921248530770e+00 1.000000000000000000e+00
5.332585027396902433e+00 7.891238791269493680e-01 1.000000000000000000e+00
9.069649679445820345e-01 1.269548670767858489e+00 0.000000000000000000e+00
1.867331216146048245e+00 1.097058206080429699e+00 0.000000000000000000e+00
-1.202634575366779840e-01 2.247201685535122451e+00 1.000000000000000000e+00
1.252258467442331158e+00 -3.086616527206127725e-02 0.000000000000000000e+00
3.481015709981308826e-01 3.110847814912717002e+00 1.000000000000000000e+00
6.413484202318446847e-01 1.764339800923929280e+00 1.000000000000000000e+00
2.337023648606580739e+00 1.091580112073203157e+00 0.000000000000000000e+00
1.713372421287893133e+00 1.175773129330784705e+00 0.000000000000000000e+00
9.081387962114884083e-01 2.248392392782173843e+00 0.000000000000000000e+00
1.497940653132961097e+00 2.222613248173200606e+00 0.000000000000000000e+00
1.417002978299494176e+00 1.105748309310799815e+00 0.000000000000000000e+00
2.005149417912226451e+00 1.871257316529471915e+00 1.000000000000000000e+00
1.628943987037580809e+00 1.262751678294789848e+00 0.000000000000000000e+00
1.348431994502317988e+00 -8.258815880393401490e-03 0.000000000000000000e+00
1.509554440305978240e-01 3.387967764759678424e+00 1.000000000000000000e+00
2.550415287994906244e+00 1.169314856648294043e+00 0.000000000000000000e+00
2.131449904187371125e+00 1.336698496497127575e+00 0.000000000000000000e+00
1.900615049020211611e+00 2.115961743539927387e+00 1.000000000000000000e+00
4.374082830363041907e+00 1.108540492171314007e+00 1.000000000000000000e+00
1.392911771704796076e+00 -3.464947904788093225e-01 0.000000000000000000e+00
1.339488816235428148e+00 2.455945044926659548e+00 0.000000000000000000e+00
-2.263193822989958415e-01 3.375860446569986184e+00 1.000000000000000000e+00
2.031866817210565390e+00 5.422959051311926348e-01 0.000000000000000000e+00
4.990454848190363002e+00 1.033746322724258704e+00 1.000000000000000000e+00
4.850848796571900490e-01 2.150822264599971056e+00 1.000000000000000000e+00
2.886144745339835893e+00 -3.044411072576013177e-01 0.000000000000000000e+00
-2.013738392510457109e-01 2.996200620324329655e+00 1.000000000000000000e+00
1.977149388300630528e-01 2.511768497815122902e+00 1.000000000000000000e+00
2.198306086279607996e+00 1.537647462692670164e+00 0.000000000000000000e+00
2.391861819540634482e+00 1.818619109250687149e+00 1.000000000000000000e+00
1.812397399560203626e+00 1.821847079823647020e+00 1.000000000000000000e+00
3.367546754781969298e+00 -3.160638221100944834e-01 0.000000000000000000e+00
2.730395042004406303e+00 9.589708258337804880e-02 0.000000000000000000e+00
-7.138258072565478729e-02 2.346586365826467624e+00 1.000000000000000000e+00
1.616387230755434778e+00 1.602286103950437482e-02 0.000000000000000000e+00
9.244977377105726424e-01 1.148145521173091765e-01 0.000000000000000000e+00
4.618861767084355918e+00 1.084898660143300386e+00 1.000000000000000000e+00
-3.479555564171887133e-02 1.947362309401474256e+00 1.000000000000000000e+00
-3.686706765559445015e-02 2.719269169722279500e+00 1.000000000000000000e+00
1.312026745946228479e+00 -2.755320114900077777e-01 0.000000000000000000e+00
-3.313410792519488890e-02 2.814791380886291883e+00 1.000000000000000000e+00
2.135484785166572586e+00 2.331252297890963998e+00 1.000000000000000000e+00
1.874318630696563126e+00 1.856244525461778316e+00 1.000000000000000000e+00
2.135385204812051185e+00 1.494782004239529005e+00 1.000000000000000000e+00
5.127776052950844488e+00 1.014724119142489167e+00 1.000000000000000000e+00
2.508014158302806496e-01 2.463007733241345143e+00 1.000000000000000000e+00
-3.427554594066420379e-01 2.895197183276136954e+00 1.000000000000000000e+00
4.645669048168453052e+00 8.620209686696256313e-01 1.000000000000000000e+00
