# x1, x2, y
9.032748387959477210e-01 1.884783693599475285e+00 0.000000000000000000e+00
5.177011839248248926e+00 7.961848651008296418e-01 1.000000000000000000e+00
1.194593093227200198e+00 3.220298814707689417e-02 0.000000000000000000e+00
2.238507828327453542e+00 8.876685043470338154e-01 0.000000000000000000e+00
1.121047492537240009e+00 2.178073556971120261e+00 0.000000000000000000e+00
1.013100697953516649e+00 1.932105727245918558e+00 0.000000000000000000e+00
3.235568075890406625e+00 -1.994603300901639786e-01 0.000000000000000000e+00
1.865378590198513153e+00 7.982655883640210615e-01 0.000000000000000000e+00
2.725262445279396317e+00 -1.221756129059897167e-01 0.000000000000000000e+00
4.915140934509546256e+00 9.201019347043839502e-01 1.000000000000000000e+00
1.831308370694272991e+00 1.586463422502710330e+00 0.000000000000000000e+00
-1.551283373760683759e-01 2.700891951704921023e+00 1.000000000000000000e+00
1.857388137458605426e+00 1.143283054545267241e+00 0.000000000000000000e+00
1.084199523136791798e+00 1.978066188875816644e+00 0.000000000000000000e+00
7.601357527924720303e-01 -8.747837865024980786e-02 0.000000000000000000e+00
4.821996873727274036e+00 1.153092279023576694e+00 1.000000000000000000e+00
2.714727224684769347e+00 -2.113050994570376540e-01 0.000000000000000000e+00
2.432855018410667036e-01 3.313332628412177794e+00 1.000000000000000000e+00
2.208009867698115247e+00 1.772579801433130431e+00 1.000000000000000000e+00
6.974836775362136532e-02 3.204765422059345337e+00 1.000000000000000000e+00
1.931370251338951238e+00 2.484008412368934771e+00 1.000000000000000000e+00
2.276416980293792802e-01 2.265472644339464825e+00 1.000000000000000000e+00
5.302785548032283858e-01 3.041467400915116581e-01 0.000000000000000000e+00
2.198504322939794697e+00 2.295905654063619128e+00 1.000000000000000000e+00
4.762760013867449516e+00 1.367116663588032743e+00 1.000000000000000000e+00
8.731429115827673559e-01 2.593932195728622381e-02 0.000000000000000000e+00
-6.111603677042384275e-01 1.417223245557063471e+00 1.000000000000000000e+00
2.702567847793235223e-01 2.794881642247700082e+00 1.000000000000000000e+00
5.032409245193703917e+00 1.008825285691229645e+00 1.000000000000000000e+00
4.561578918583368392e+00 8.450956274061933726e-01 1.000000000000000000e+00
5.265747739689771834e+00 1.056958494814928651e+00 1.000000000000000000e+00
-1.031561026713226775e-01 3.013079057050274123e+00 1.000000000000000000e+00
8.308633796253092063e-01 2.690592219677705177e-02 0.000000000000000000e+00
-7.625396028221050060e-02 2.419953182744295717e+00 1.000000000000000000e+00
-3.659233190937097868e-01 2.734810594718418919e+00 1.000000000000000000e+00
2.968061963533338066e+00 -8.372989220081539230e-01 0.000000000000000000e+00
1.667686249314634273e+00 1.994684504626957233e+00 1.000000000000000000e+00
2.255811218517585814e+00 1.010608029116427220e+00 0.000000000000000000e+00
4.688245303389528829e+00 1.219906969515723416e+00 1.000000000000000000e+00
-3.301857531638763832e-01 3.343417112951884373e+00 1.000000000000000000e+00
6.648068954094166205e-01 2.070324709345127800e+00 0.000000000000000000e+00
2.891216373726822386e+00 -4.455469353976362901e-01 0.000000000000000000e+00
2.848807815257304643e+00 5.386767495247927508e-03 0.000000000000000000e+00
8.294979144665509674e-02 1.780018518831406160e+00 1.000000000000000000e+00
1.473222307930144526e+00 1.214436879245744727e+00 0.000000000000000000e+00
3.182635097672432689e+00 -5.644232601498179180e-01 0.000000000000000000e+00
1.202318831446260727e+00 -2.167175716242452643e-01 0.000000000000000000e+00
1.414368413826430304e+00 1.579301256364058936e+00 1.000000000000000000e+00
2.004958270191684822e+00 1.053156316082788146e+00 0.000000000000000000e+00
5.182635097672432245e+00 4.355767398501820820e-01 1.000000000000000000e+00
1.484181657614143113e+00 2.017136298824627527e+00 1.000000000000000000e+00
1.438267714138923292e+00 1.777418404272059493e-01 0.000000000000000000e+00
3.093671606703900068e+00 -5.799649214220117116e-02 0.000000000000000000e+00
2.641241546902655557e+00 7.517940855956017909e-01 0.000000000000000000e+00
2.376959393422933609e+00 2.842503502037027618e-01 0.000000000000000000e+00
2.416633818911080311e+00 8.015967270540944600e-01 0.000000000000000000e+00
-7.986555180108662055e-02 3.009784364008007529e+00 1.000000000000000000e+00
8.059249935235276441e-01 2.270446067494613196e+00 0.000000000000000000e+00
3.021675569746765433e+00 3.029362004842675593e-01 0.000000000000000000e+00
1.651948968505317250e+00 2.405032045604517776e+00 1.000000000000000000e+00
5.105335068953289479e+00 9.793688610764084146e-01 1.000000000000000000e+00
9.926149132372664718e-01 1.767451514249252176e+00 0.000000000000000000e+00
-9.672516120405223738e-02 2.884783693599475285e+00 1.000000000000000000e+00
1.156172901122011210e+00 1.656697583113057259e+00 0.000000000000000000e+00
1.362536898565588794e+00 3.347105408353458489e-01 0.000000000000000000e+00
2.040209519634313684e-01 2.904059520330398492e+00 1.000000000000000000e+00
5.262531143816604473e-01 -2.485883936569217301e-01 0.000000000000000000e+00
-1.234917489565447585e-01 2.383558424852516566e+00 1.000000000000000000e+00
4.958270191684682748e-03 2.053156316082787924e+00 1.000000000000000000e+00
1.204020951963431285e+00 1.904059520330398714e+00 0.000000000000000000e+00
4.672898500263555910e+00 1.510056443993657904e+00 1.000000000000000000e+00
2.595670517623900775e+00 4.412219570074106811e-01 0.000000000000000000e+00
2.028627526157377403e+00 1.276435020597853409e+00 0.000000000000000000e+00
9.424493342915155614e-01 1.733711310774549208e+00 0.000000000000000000e+00
1.260665847101760439e+00 2.225123491959502431e+00 0.000000000000000000e+00
1.208009867698115247e+00 -2.274201985668696802e-01 0.000000000000000000e+00
-2.631844556754564524e-01 1.739663833138122229e+00 1.000000000000000000e+00
2.128857842006589340e+00 8.179004805399862077e-01 0.000000000000000000e+00
1.391861819540634482e+00 -1.813808907493127676e-01 0.000000000000000000e+00
1.015242326432808762e+00 1.808901306029194078e+00 0.000000000000000000e+00
1.331866210444995646e+00 1.490199918583311245e+00 1.000000000000000000e+00
-6.266827001243342743e-02 3.175986957354659079e+00 1.000000000000000000e+00
6.556726219599483541e-01 2.581051099353558698e+00 1.000000000000000000e+00
2.050960776604271452e+00 1.650797608651639381e+00 1.000000000000000000e+00
5.880648039259732673e-01 2.094547817612687712e+00 0.000000000000000000e+00
4.892232771286778359e+00 1.151614570825875372e+00 1.000000000000000000e+00
1.850535930910676585e+00 9.067045065091446920e-01 0.000000000000000000e+00
2.250801415830280483e+00 1.463007733241345143e+00 0.000000000000000000e+00
3.427084328804696156e+00 2.711997522010580752e-01 0.000000000000000000e+00
2.821996873727274480e+00 1.530922790235767772e-01 0.000000000000000000e+00
1.310069795351673054e-02 2.932105727245918558e+00 1.000000000000000000e+00
1.865410512916717278e-01 1.820058640678745787e+00 1.000000000000000000e+00
6.715264462776875387e-01 2.050814729917600499e+00 0.000000000000000000e+00
9.457239093765548166e-01 1.818823811662022782e+00 0.000000000000000000e+00
-1.940750064764723837e-01 3.270446067494613196e+00 1.000000000000000000e+00
9.590665768311901207e-01 1.964283743667557092e+00 0.000000000000000000e+00
2.678110716386506773e+00 1.485475833600949647e-01 0.000000000000000000e+00
1.288578420065893404e-01 1.817900480539986097e+00 1.000000000000000000e+00
1.090051095986748209e+00 1.894325046051944295e+00 0.000000000000000000e+00
2.742750952578068446e+00 -2.802545529443847272e-01 0.000000000000000000e+00
1.139992980168652137e+00 3.101060603818502903e-01 0.000000000000000000e+00
4.426054406659744034e-01 2.370849209135846181e+00 0.000000000000000000e+00
-6.669844278310778363e-02 2.939772579321000556e+00 1.000000000000000000e+00
1.915479119280316223e+00 2.616906656959487876e+00 1.000000000000000000e+00
2.616387230755434778e+00 2.016022861039504566e+00 1.000000000000000000e+00
6.402195902994441967e-01 2.259003595263206599e+00 0.000000000000000000e+00
2.072800832324538156e+00 1.060549053662201313e+00 0.000000000000000000e+00
1.665058994634576628e+00 1.024278130291983668e+00 0.000000000000000000e+00
1.266412401467784977e-02 3.174844564114746692e+00 1.000000000000000000e+00
6.197349960656503010e-01 1.558652922250212569e+00 1.000000000000000000e+00
8.123973995602036258e-01 -1.781529201763528969e-01 0.000000000000000000e+00
3.320691486660378722e+00 1.211142930685177831e-02 0.000000000000000000e+00
1.769807052100479616e+00 2.202371212086801311e+00 1.000000000000000000e+00
4.143684138264303041e-01 -4.206987436359410082e-01 0.000000000000000000e+00
5.149180729593792805e+00 1.071199809801878899e+00 1.000000000000000000e+00
1.069748367753621476e+00 2.204765422059345337e+00 0.000000000000000000e+00
5.596841729648529412e-02 3.123015494162476813e+00 1.000000000000000000e+00
5.350122549799989358e+00 9.880993899728554020e-01 1.000000000000000000e+00
1.504783620252770016e+00 7.328333247510854243e-01 0.000000000000000000e+00
4.678110716386506773e+00 1.148547583360094881e+00 1.000000000000000000e+00
-3.065657833923927655e-01 2.238358471880324885e+00 1.000000000000000000e+00
1.005149417912226673e+00 -1.287426834705281131e-01 0.000000000000000000e+00
1.876508251043455200e+00 1.383558424852516566e+00 0.000000000000000000e+00
2.528074767934727962e+00 1.981804252467556982e+00 1.000000000000000000e+00
1.862017150747793837e+00 2.193306099809096743e+00 1.000000000000000000e+00
1.388839632295761461e+00 4.172232455570633602e-01 0.000000000000000000e+00
2.255984655747119927e+00 1.958086480867678336e+00 1.000000000000000000e+00
1.105163793599232225e+00 1.606314976628770541e+00 0.000000000000000000e+00
8.874145149729657511e-01 1.808380877763733352e+00 0.000000000000000000e+00
1.488295225944671785e+00 2.101403508972342848e+00 0.000000000000000000e+00
-5.829970217005058242e-01 2.105748309310799815e+00 1.000000000000000000e+00
3.654638129743107561e-02 3.338845172373575920e+00 1.000000000000000000e+00
8.403297937305467258e-01 3.354400190153086769e-01 0.000000000000000000e+00
-1.034961630464938387e-01 1.930748077059359247e+00 1.000000000000000000e+00
5.472640372571714096e+00 1.361982369410670302e+00 1.000000000000000000e+00
1.111501087363559570e+00 5.559028455208137043e-01 0.000000000000000000e+00
1.005222822490001278e+00 1.663394381375933540e+00 0.000000000000000000e+00
7.925017744824073285e-01 1.880973941943206773e+00 0.000000000000000000e+00
1.902050150576544807e+00 5.971972631867692449e-01 0.000000000000000000e+00
5.123079723619053283e+00 1.257961291539073656e+00 1.000000000000000000e+00
2.994763514449146680e+00 2.194207551375196852e-01 0.000000000000000000e+00
4.909707153813398506e+00 1.242236775101581037e+00 1.000000000000000000e+00
-3.597804097005558033e-01 3.259003595263206599e+00 1.000000000000000000e+00
-4.079319783017679862e-02 1.760819064352061147e+00 1.000000000000000000e+00
4.687915508102497714e-02 1.942933692474541507e+00 1.000000000000000000e+00
4.958194458364723722e+00 7.814387531725894842e-01 1.000000000000000000e+00
-2.104033278771530457e-01 1.838833092837398375e+00 1.000000000000000000e+00
3.123079723619053283e+00 2.579612915390736005e-01 0.000000000000000000e+00
1.853956601761004019e-01 1.944747102303876485e+00 1.000000000000000000e+00
1.528074767934727962e+00 -1.819574753244296642e-02 0.000000000000000000e+00
3.265747739689772278e+00 5.695849481492869237e-02 0.000000000000000000e+00
1.148563397193388180e+00 1.947589052077249638e+00 0.000000000000000000e+00
6.902842060931502211e-02 3.228603354093607436e+00 1.000000000000000000e+00
1.760135752792471919e+00 1.912521621349750234e+00 1.000000000000000000e+00
4.852662458662754474e+00 1.040311934811926298e+00 1.000000000000000000e+00
1.158663923675552265e+00 -6.711259533337411431e-01 0.000000000000000000e+00
-2.011986858867091665e-01 3.113269135896275852e+00 1.000000000000000000e+00
-5.045965192341479028e-02 1.947745896707602897e+00 1.000000000000000000e+00
9.792013909928551918e-01 -3.251762015206194345e-02 0.000000000000000000e+00
-2.345735048060401950e-01 1.868747305151425619e+00 1.000000000000000000e+00
-8.372931646298707731e-02 2.486854725786200149e+00 1.000000000000000000e+00
1.657209918690920158e+00 1.431091723132672300e+00 0.000000000000000000e+00
2.344070112919844906e+00 1.985089226252397143e+00 1.000000000000000000e+00
4.222620000723685818e-01 2.038730473913217711e+00 1.000000000000000000e+00
1.010483076809121972e+00 4.361752744826452033e-01 0.000000000000000000e+00
2.431419915757060402e+00 2.691873523339533350e-02 0.000000000000000000e+00
9.883913472201846240e-01 1.515268293589011606e+00 0.000000000000000000e+00
9.006150490202115000e-01 1.159617435399273311e-01 0.000000000000000000e+00
-2.991059386589047242e-01 1.967961803966232548e+00 1.000000000000000000e+00
1.588395973058127630e-01 3.041310362999215755e+00 1.000000000000000000e+00
9.668658920748051111e-01 1.814791380886291661e+00 0.000000000000000000e+00
-1.584515256790366977e-01 2.678109413353148671e+00 1.000000000000000000e+00
4.676416621859577627e-01 2.032820808927628509e+00 1.000000000000000000e+00
-2.490515685945341728e-01 1.735826720046748761e+00 1.000000000000000000e+00
4.886144745339835893e+00 6.955588927423986823e-01 1.000000000000000000e+00
6.519489685053172501e-01 4.050320456045177764e-01 0.000000000000000000e+00
1.870086529734098224e-01 1.869512995113431719e+00 1.000000000000000000e+00
1.197714938830062970e+00 1.511768497815122902e+00 0.000000000000000000e+00
2.670853691923391171e+00 2.515904241685131826e-01 0.000000000000000000e+00
1.132409333070574675e+00 1.969953430014950158e+00 0.000000000000000000e+00
1.571397612502294372e+00 2.333317009568151246e+00 0.000000000000000000e+00
-2.101195514763763983e-01 1.938981665310632430e+00 1.000000000000000000e+00
-3.351931045905833240e-01 3.070324709345127800e+00 1.000000000000000000e+00
-2.241474881252512874e-01 3.507736380308323909e+00 1.000000000000000000e+00
2.135336881620379490e+00 1.791523729644428187e+00 1.000000000000000000e+00
3.159349138036867455e+00 1.200252592612644897e-03 0.000000000000000000e+00
5.575937685928426646e+00 5.824918371837899400e-01 1.000000000000000000e+00
2.561578918583368392e+00 -1.549043725938066551e-01 0.000000000000000000e+00
8.658614305642005071e-01 2.367352311441649704e+00 0.000000000000000000e+00
8.620171507477938366e-01 1.933060998090966875e-01 0.000000000000000000e+00
-5.267776920698554743e-01 2.214436879245744727e+00 1.000000000000000000e+00
1.782320864259671733e+00 7.396693967129228664e-01 0.000000000000000000e+00
1.913300797097055250e+00 1.882455128057585414e+00 1.000000000000000000e+00
1.242653308079704644e+00 5.369264049618813761e-01 0.000000000000000000e+00
1.012664124014677869e+00 2.174844564114746692e+00 0.000000000000000000e+00
4.670853691923391615e+00 1.251590424168513183e+00 1.000000000000000000e+00
2.615352032857233056e+00 1.175698600051714671e+00 0.000000000000000000e+00
1.095711728817129638e+00 1.925188887356777068e+00 0.000000000000000000e+00
2.721938418237412893e+00 -5.472612190892926776e-02 0.000000000000000000e+00
1.357259981276789595e+00 1.750949340793187536e+00 1.000000000000000000e+00
5.101166281492537813e+00 1.302419629922729083e+00 1.000000000000000000e+00
2.356666785981464951e+00 -1.108687276012299827e-01 0.000000000000000000e+00
2.685279676449415120e+00 9.499766854699630281e-02 0.000000000000000000e+00
5.222822490001379110e-03 2.663394381375933317e+00 1.000000000000000000e+00
1.741605091767187474e+00 1.202413457706391631e+00 0.000000000000000000e+00
3.575937685928426202e+00 -4.175081628162100600e-01 0.000000000000000000e+00
3.295485501515763360e+00 3.213757283537672094e-01 0.000000000000000000e+00
1.359349252516375284e+00 5.113782514117219957e-01 0.000000000000000000e+00
-2.176791357403282390e-01 1.739669396712922866e+00 1.000000000000000000e+00
2.082949791446655041e+00 7.800185188314061602e-01 0.000000000000000000e+00
1.146555443961249088e+00 1.977328486093683280e+00 0.000000000000000000e+00
5.310035240979271265e+00 9.561180176165938738e-01 1.000000000000000000e+00
2.762760013867449516e+00 3.671166635880327433e-01 0.000000000000000000e+00
1.750948431405465744e+00 7.358267200467487612e-01 0.000000000000000000e+00
5.087651220974975796e-01 1.187580811211389031e+00 0.000000000000000000e+00
4.675786792266348080e+00 1.217642201344460773e+00 1.000000000000000000e+00
-5.597369805343988675e-02 1.982952655734245839e+00 1.000000000000000000e+00
1.210474925372399951e-01 3.178073556971120261e+00 1.000000000000000000e+00
-3.995854999551744502e-01 1.471793431880365155e+00 1.000000000000000000e+00
9.683965862477373898e-01 1.890587012054733007e-01 0.000000000000000000e+00
-5.172846226513072576e-02 2.736642474623588672e+00 1.000000000000000000e+00
2.334314893033937466e+00 8.240428183535222217e-01 0.000000000000000000e+00
1.340130832700631158e+00 1.670032619805790652e+00 0.000000000000000000e+00
4.742750952578068890e+00 7.197454470556152728e-01 1.000000000000000000e+00
2.313498322902169058e+00 2.182554409545454988e+00 1.000000000000000000e+00
4.190491477500185802e+00 6.359985622513886216e-01 1.000000000000000000e+00
1.295900556346372579e+00 2.064060170400632721e+00 0.000000000000000000e+00
2.909257133711609100e+00 1.247375387510037292e+00 0.000000000000000000e+00
-1.061037746361327347e-02 2.633181516080212781e+00 1.000000000000000000e+00
9.133007970970552503e-01 -1.175448719424145166e-01 0.000000000000000000e+00
4.882952259446718957e-01 3.101403508972342848e+00 1.000000000000000000e+00
-1.160865277981533439e-02 2.515268293589011606e+00 1.000000000000000000e+00
1.924497737710572753e+00 2.114814552117309177e+00 1.000000000000000000e+00
2.405583095614033939e-01 3.013970189527243715e+00 1.000000000000000000e+00
7.666423520117762180e-01 3.347523323772505499e-01 0.000000000000000000e+00
1.399437133776277431e+00 1.913807640957194245e+00 0.000000000000000000e+00
1.485633971933881248e-01 2.947589052077249860e+00 1.000000000000000000e+00
8.448716626239316518e-01 1.700891951704921023e+00 0.000000000000000000e+00
1.036546381297431152e+00 2.338845172373575920e+00 0.000000000000000000e+00
2.139992980168652359e+00 2.310106060381850401e+00 1.000000000000000000e+00
2.196374045776010142e+00 9.846434657177007832e-01 0.000000000000000000e+00
1.655672621959948465e+00 1.581051099353558698e+00 0.000000000000000000e+00
1.664265380432081720e+00 1.586823671111092571e+00 0.000000000000000000e+00
4.758146536413963013e+00 1.014718507711930950e+00 1.000000000000000000e+00
9.223051439798403139e-01 5.678795926759727664e-02 0.000000000000000000e+00
1.153281332347626753e+00 5.131985516013406468e-01 0.000000000000000000e+00
1.275949099647863738e+00 1.466730087258203863e+00 1.000000000000000000e+00
5.460960898406329811e+00 9.998874973724931614e-01 1.000000000000000000e+00
2.988246523137151112e+00 -6.862625136606376186e-02 0.000000000000000000e+00
1.048011120834349219e+00 2.262850676334867472e+00 0.000000000000000000e+00
1.875545929613529283e+00 2.135583811196366977e+00 1.000000000000000000e+00
1.860153542952221573e+00 2.415497403094591711e+00 1.000000000000000000e+00
3.350122549799989358e+00 -1.190061002714463620e-02 0.000000000000000000e+00
1.855617392358879514e-01 1.867048420789808594e+00 1.000000000000000000e+00
9.092571337116091001e-01 2.247375387510037292e+00 1.000000000000000000e+00
4.986239994179070045e+00 9.343799623096872287e-01 1.000000000000000000e+00
2.508142733986424400e+00 2.059060933775087587e+00 1.000000000000000000e+00
1.059489916038030888e+00 2.035702593742237720e+00 0.000000000000000000e+00
2.822261614454019352e+00 -6.914723813310413858e-01 0.000000000000000000e+00
5.504152879949060218e-01 2.169314856648294043e+00 1.000000000000000000e+00
4.988246523137150668e+00 9.313737486339361826e-01 1.000000000000000000e+00
2.111737055453432710e+00 1.955453059082181921e+00 1.000000000000000000e+00
1.055968417296485384e+00 2.123015494162476813e+00 0.000000000000000000e+00
3.996323626851109090e+00 -1.800675991131944487e-01 0.000000000000000000e+00
2.606658471017603840e-01 3.225123491959502431e+00 1.000000000000000000e+00
-5.674448514011103768e-04 1.581013872621370497e+00 1.000000000000000000e+00
1.240558309561403449e+00 2.013970189527243715e+00 0.000000000000000000e+00
5.365382270240404594e+00 4.177957106905320073e-01 1.000000000000000000e+00
1.736815544324543659e+00 7.396638331381223397e-01 0.000000000000000000e+00
2.378420597758043042e-01 2.812940781096062715e+00 1.000000000000000000e+00
4.946116311604592752e+00 1.150517532803549514e+00 1.000000000000000000e+00
4.863164733455394462e+00 7.060329245014598243e-01 1.000000000000000000e+00
1.135046653830153573e+00 5.296005301557215050e-01 0.000000000000000000e+00
1.248067804197181552e+00 3.657508234249522427e-01 0.000000000000000000e+00
5.289866258773502139e+00 1.217775055756246338e+00 1.000000000000000000e+00
3.239419138589683111e+00 -3.057961177908001191e-02 0.000000000000000000e+00
1.111737055453432710e+00 -4.454694091781809945e-02 0.000000000000000000e+00
3.365382270240404150e+00 -5.822042893094679927e-01 0.000000000000000000e+00
2.759490996478637381e-01 -5.332699127417962481e-01 0.000000000000000000e+00
3.095446259903607000e+00 -5.769490229291168899e-03 0.000000000000000000e+00
1.879736542463322113e+00 1.247201685535122229e+00 0.000000000000000000e+00
7.573458410583614464e-01 1.672318358574100272e-01 0.000000000000000000e+00
1.234008140601588810e+00 -1.888324812161339961e-01 0.000000000000000000e+00
-1.672484165358129882e-01 2.281750623258946398e+00 1.000000000000000000e+00
7.532598433287245321e-01 2.165133876338077579e-01 0.000000000000000000e+00
2.688245303389529273e+00 2.199069695157234994e-01 0.000000000000000000e+00
5.162793588369894771e+00 4.125492743202967549e-01 1.000000000000000000e+00
2.852662458662754474e+00 4.031193481192631850e-02 0.000000000000000000e+00
4.730395042004405859e+00 1.095897082583378035e+00 1.000000000000000000e+00
5.244813105297218669e+00 8.162779080613529192e-01 1.000000000000000000e+00
8.968297872368822254e-01 -3.000507569617547055e-01 0.000000000000000000e+00
2.595391065960827248e+00 3.907606609458540436e-01 0.000000000000000000e+00
1.567737192712447936e+00 1.369675921248530770e+00 0.000000000000000000e+00
1.917246181231657021e+00 2.368686675695209409e+00 1.000000000000000000e+00
1.634076680906290324e+00 1.734810594718419141e+00 0.000000000000000000e+00
2.109899604362017289e+00 6.866231854276625413e-01 0.000000000000000000e+00
2.046879155081025026e+00 9.429336924745415072e-01 0.000000000000000000e+00
6.659691691081028875e-01 -2.022300748405631357e-02 0.000000000000000000e+00
6.309825592999114274e-01 2.165161248792864424e+00 0.000000000000000000e+00
3.994371337762775420e-01 2.913807640957194245e+00 1.000000000000000000e+00
5.727464540023980560e-02 3.630076540943652397e+00 1.000000000000000000e+00
5.235568075890406625e+00 8.005396699098360491e-01 1.000000000000000000e+00
3.460960898406329811e+00 -1.125026275068288079e-04 0.000000000000000000e+00
1.983060862796078572e-01 2.537647462692670164e+00 1.000000000000000000e+00
6.698142468361236723e-01 2.343417112951884373e+00 0.000000000000000000e+00
8.875585938092042104e-01 -2.249908851826998568e-01 0.000000000000000000e+00
6.558850987965726340e-03 1.859397855116632581e+00 1.000000000000000000e+00
1.738997533042744514e+00 2.110757140864062187e+00 1.000000000000000000e+00
2.430356382204211574e+00 -3.351332077317337732e-01 0.000000000000000000e+00
-3.613937153655222972e-02 1.630063779366071941e+00 1.000000000000000000e+00
1.110169544165159339e+00 3.698697577128711167e-01 0.000000000000000000e+00
6.572445405933580176e-01 1.895197183276136732e+00 0.000000000000000000e+00
4.021445896638693729e-02 2.360616458659911654e+00 1.000000000000000000e+00
1.038513097046783296e+00 5.281245550725967020e-01 0.000000000000000000e+00
8.726521628287218224e-01 -2.194592945191000122e-01 0.000000000000000000e+00
5.093671606703900068e+00 9.420035078577988497e-01 1.000000000000000000e+00
2.187008652973409628e+00 8.695129951134317192e-01 0.000000000000000000e+00
5.225401170548145124e+00 1.042118630934204981e+00 1.000000000000000000e+00
2.543160474237637025e+00 6.082819232326788228e-01 0.000000000000000000e+00
1.487303609098972412e+00 1.816473075904977419e+00 0.000000000000000000e+00
2.467641662185957596e+00 1.032820808927628509e+00 0.000000000000000000e+00
2.227641698029379391e+00 1.265472644339465047e+00 0.000000000000000000e+00
1.438632381113492231e+00 1.381957787150703831e+00 0.000000000000000000e+00
1.168828328985707987e+00 2.072221127671319607e+00 0.000000000000000000e+00
5.217665155423619971e+00 9.027387341544367283e-01 1.000000000000000000e+00
2.202318831446260727e+00 1.783282428375754680e+00 1.000000000000000000e+00
2.042675411757895354e+00 2.154051643996564458e+00 1.000000000000000000e+00
4.685279676449415120e+00 1.094997668546996206e+00 1.000000000000000000e+00
-5.619482932905904837e-01 2.276184535416486909e+00 1.000000000000000000e+00
3.286348699964306341e+00 2.872403133304040138e-02 0.000000000000000000e+00
3.332585027396902433e+00 -2.108761208730506043e-01 0.000000000000000000e+00
3.343148930339375768e-01 1.824042818353522222e+00 1.000000000000000000e+00
-1.686916293057269256e-01 2.586463422502710330e+00 1.000000000000000000e+00
2.438267714138923292e+00 2.177741840427205755e+00 1.000000000000000000e+00
1.789596672122846899e+00 8.388330928373984863e-01 0.000000000000000000e+00
1.700894061341095220e+00 9.679618039662324369e-01 0.000000000000000000e+00
1.836267749605229760e+00 9.403486411333309425e-01 0.000000000000000000e+00
2.538481942755100307e-01 2.742145217750404207e+00 1.000000000000000000e+00
2.558112185175858699e-01 2.010608029116426998e+00 1.000000000000000000e+00
5.286348699964306341e+00 1.028724031333040356e+00 1.000000000000000000e+00
-5.573945593340255966e-01 3.370849209135846181e+00 1.000000000000000000e+00
4.891216373726821942e+00 5.544530646023637654e-01 1.000000000000000000e+00
2.334633837381177440e-02 3.185514078599557486e+00 1.000000000000000000e+00
5.239419138589682667e+00 9.694203882209200263e-01 1.000000000000000000e+00
3.472640372571714096e+00 3.619823694106704126e-01 0.000000000000000000e+00
3.821267790476329806e-01 3.590130524776420362e+00 1.000000000000000000e+00
1.158839597305812763e+00 2.041310362999215755e+00 0.000000000000000000e+00
4.856725743602983592e+00 1.007799998255697549e+00 1.000000000000000000e+00
3.086423450101545285e+00 4.494324550731101930e-01 0.000000000000000000e+00
5.461762102896519089e+00 6.553887311089162671e-01 1.000000000000000000e+00
7.389975330427444034e-01 1.107571408640621174e-01 0.000000000000000000e+00
1.057274645400239743e+00 2.630076540943652397e+00 0.000000000000000000e+00
2.415894279273895773e+00 2.164438875406458074e+00 1.000000000000000000e+00
9.201344481989133239e-01 2.009784364008007529e+00 0.000000000000000000e+00
1.822505873985202224e-02 2.063337426502314997e+00 1.000000000000000000e+00
1.463626132640085231e+00 2.108554194751870448e+00 1.000000000000000000e+00
1.856252870364176077e+00 2.105050147648483527e+00 1.000000000000000000e+00
1.303362119132472463e+00 -4.429687981560540555e-01 0.000000000000000000e+00
-7.385086762733506470e-03 2.767451514249251954e+00 1.000000000000000000e+00
2.186541051291671867e+00 8.200586406787457872e-01 0.000000000000000000e+00
1.050960776604271452e+00 -3.492023913483606190e-01 0.000000000000000000e+00
4.714381369788122278e+00 8.445563342803735774e-01 1.000000000000000000e+00
2.233225761574658907e+00 1.964368648369073211e+00 1.000000000000000000e+00
1.788247847779314892e+00 1.357805820326408064e+00 0.000000000000000000e+00
9.154791192803161115e-01 6.169066569594879867e-01 0.000000000000000000e+00
1.233225761574658907e+00 -3.563135163092678165e-02 0.000000000000000000e+00
5.119364127464555381e+00 7.011967332734800884e-01 1.000000000000000000e+00
2.018225058739851807e+00 1.063337426502314997e+00 0.000000000000000000e+00
4.848807815257305087e+00 1.005386767495247913e+00 1.000000000000000000e+00
-3.357346195679183909e-01 2.586823671111092793e+00 1.000000000000000000e+00
2.289961775068717120e+00 2.213914715090980589e+00 1.000000000000000000e+00
1.477009667809946469e-01 1.795796557697334261e+00 1.000000000000000000e+00
2.952901898252004553e+00 -4.005608169045574152e-01 0.000000000000000000e+00
2.242653308079704644e+00 2.536926404961881154e+00 1.000000000000000000e+00
4.005802904152978329e-03 1.791591921413832056e+00 1.000000000000000000e+00
1.545220840918097027e-01 1.165239659704123243e+00 1.000000000000000000e+00
1.383492299931052272e-01 1.647205198567605500e+00 1.000000000000000000e+00
-1.860002531844387741e-01 3.209409610221665599e+00 1.000000000000000000e+00
1.940300544858882592e+00 2.559941412545637451e+00 1.000000000000000000e+00
1.154624140534972199e+00 -3.344613157097810485e-01 0.000000000000000000e+00
9.005109598674825022e-02 2.894325046051944295e+00 1.000000000000000000e+00
3.225401170548145124e+00 4.211863093420505078e-02 0.000000000000000000e+00
5.086423450101545285e+00 1.449432455073110138e+00 1.000000000000000000e+00
2.234008140601588810e+00 1.811167518783866059e+00 1.000000000000000000e+00
3.116473805578242051e-01 3.656093894092277363e+00 1.000000000000000000e+00
1.415894279273895773e+00 1.644388754064579072e-01 0.000000000000000000e+00
1.135336881620379490e+00 -2.084762703555717300e-01 0.000000000000000000e+00
7.463974841633114199e-02 2.911007654288741087e+00 1.000000000000000000e+00
2.154522084091809564e+00 1.652396597041232429e-01 0.000000000000000000e+00
1.270483062192338530e-01 3.023202020504567766e+00 1.000000000000000000e+00
1.757345841058361557e+00 2.167231835857410083e+00 1.000000000000000000e+00
8.743186306965631260e-01 -1.437554745382217392e-01 0.000000000000000000e+00
3.572599812767894845e-01 -2.490506592068123803e-01 0.000000000000000000e+00
1.989389622536386737e+00 1.633181516080212781e+00 0.000000000000000000e+00
4.431419915757060402e+00 1.026918735233395275e+00 1.000000000000000000e+00
-7.519321958028183372e-01 1.365750823424952243e+00 1.000000000000000000e+00
1.042492161299741538e+00 -7.548911582897247508e-01 0.000000000000000000e+00
4.356666785981464507e+00 8.891312723987699895e-01 1.000000000000000000e+00
5.367546754781969298e+00 6.839361778899055722e-01 1.000000000000000000e+00
3.244813105297218225e+00 -1.837220919386471085e-01 0.000000000000000000e+00
4.982189629235450390e+00 1.434696821247470666e+00 1.000000000000000000e+00
8.968438973286773086e-01 2.013079057050274123e+00 0.000000000000000000e+00
3.596753639704520777e-01 3.055546925245183232e+00 1.000000000000000000e+00
1.832751583464186984e+00 1.281750623258946398e+00 0.000000000000000000e+00
1.069028420609315022e+00 2.228603354093607436e+00 0.000000000000000000e+00
7.584977120419194030e-01 2.925409566685361895e+00 1.000000000000000000e+00
5.948991603803092248e-02 3.035702593742237720e+00 1.000000000000000000e+00
8.542443325471738014e-02 2.078740233638980417e+00 1.000000000000000000e+00
2.374082830363041907e+00 1.085404921713140763e-01 0.000000000000000000e+00
1.999432555148598967e+00 5.810138726213704974e-01 0.000000000000000000e+00
1.580356154400057056e+00 2.024530345641684992e+00 1.000000000000000000e+00
1.180695784088688693e+00 2.126084661094117756e+00 0.000000000000000000e+00
5.295485501515763360e+00 1.321375728353767265e+00 1.000000000000000000e+00
1.753259843328724532e+00 2.216513387633807675e+00 1.000000000000000000e+00
1.806957840886886935e-01 3.126084661094117756e+00 1.000000000000000000e+00
2.359349252516375284e+00 2.511378251411722218e+00 1.000000000000000000e+00
1.789880448523623713e+00 9.389816653106324296e-01 0.000000000000000000e+00
1.162074499956037954e+00 1.581258644084823750e+00 0.000000000000000000e+00
-2.583949082328125813e-01 2.202413457706391853e+00 1.000000000000000000e+00
2.385078283274534028e-01 1.887668504347033815e+00 1.000000000000000000e+00
2.704772161778386530e-01 3.150748301670560636e+00 1.000000000000000000e+00
2.619734996065650190e+00 5.586529222502125691e-01 0.000000000000000000e+00
1.538789461254026492e-01 2.910572149469185188e+00 1.000000000000000000e+00
2.856725743602983592e+00 7.799998255697451754e-03 0.000000000000000000e+00
1.923746039717789458e+00 1.419953182744295717e+00 0.000000000000000000e+00
2.758146536413963013e+00 1.471850771193084287e-02 0.000000000000000000e+00
2.303362119132472685e+00 1.557031201843945833e+00 1.000000000000000000e+00
2.422262000072368693e+00 1.038730473913217711e+00 0.000000000000000000e+00
1.051637935992322109e-01 2.606314976628770541e+00 1.000000000000000000e+00
9.172461812316570207e-01 3.686866756952091873e-01 0.000000000000000000e+00
1.941482797737229760e+00 1.241618027269654423e+00 0.000000000000000000e+00
2.004005802904153200e+00 7.915919214138320559e-01 0.000000000000000000e+00
1.508765122097497580e+00 3.187580811211389253e+00 1.000000000000000000e+00
9.373317299875665309e-01 2.175986957354659079e+00 0.000000000000000000e+00
2.986239994179069601e+00 -6.562003769031274358e-02 0.000000000000000000e+00
1.944026301946560009e+00 9.829526557342458393e-01 0.000000000000000000e+00
1.098996043620174695e-01 1.686623185427662541e+00 1.000000000000000000e+00
1.336425312470699289e+00 2.122670161381048359e+00 0.000000000000000000e+00
2.010483076809121972e+00 2.436175274482645037e+00 1.000000000000000000e+00
1.561729011220112373e-01 2.656697583113057259e+00 1.000000000000000000e+00
8.845503253501628693e-01 4.374324715828559751e-01 0.000000000000000000e+00
2.312026745946228701e+00 1.724467988509992278e+00 1.000000000000000000e+00
1.933275791441027458e+00 2.441048103147722248e+00 1.000000000000000000e+00
-4.952163797472300399e-01 1.732833324751085424e+00 1.000000000000000000e+00
-8.036642388780476653e-02 3.159106640021455803e+00 1.000000000000000000e+00
1.093081686335130254e+00 -6.282743448668436370e-01 0.000000000000000000e+00
2.194593093227199976e+00 2.032202988147076894e+00 1.000000000000000000e+00
3.370236486065805726e-01 2.091580112073203157e+00 1.000000000000000000e+00
-4.093342316880990706e-02 2.964283743667556870e+00 1.000000000000000000e+00
4.354287781772805954e-01 1.814588945695526423e+00 1.000000000000000000e+00
3.135065322611353622e+00 1.882311248259331549e-01 0.000000000000000000e+00
1.524232643280868868e-02 2.808901306029194078e+00 1.000000000000000000e+00
4.901284535197675929e+00 1.404131639401149378e+00 1.000000000000000000e+00
3.130795858888923089e+00 -2.062462179180523103e-01 0.000000000000000000e+00
8.419952313679171518e-02 2.978066188875816866e+00 1.000000000000000000e+00
-4.119351960740266771e-01 3.094547817612687712e+00 1.000000000000000000e+00
-2.061518100358798178e-01 2.746438307550384206e+00 1.000000000000000000e+00
1.094690484172481604e+00 1.393339635252799136e+00 0.000000000000000000e+00
9.332757914410274580e-01 4.410481031477220815e-01 0.000000000000000000e+00
-3.690174407000885171e-01 3.165161248792864424e+00 1.000000000000000000e+00
2.042492161299741760e+00 1.245108841710275360e+00 1.000000000000000000e+00
2.138349229993105283e+00 6.472051985676054997e-01 0.000000000000000000e+00
1.523443529264943974e+00 1.771637929731469274e+00 0.000000000000000000e+00
5.234435292649439742e-01 2.771637929731469274e+00 1.000000000000000000e+00
1.085676197576277646e+00 2.265542349281218559e+00 0.000000000000000000e+00
-1.326687838539518383e-01 2.097058206080429699e+00 1.000000000000000000e+00
8.567619757627763233e-02 3.265542349281218559e+00 1.000000000000000000e+00
2.485084879657190271e+00 1.150822264599971279e+00 0.000000000000000000e+00
1.251695024162351455e+00 2.279330624391067150e+00 0.000000000000000000e+00
-3.284735537223125168e-01 3.050814729917600499e+00 1.000000000000000000e+00
1.289961775068717120e+00 2.139147150909807282e-01 0.000000000000000000e+00
1.135484785166572586e+00 3.312522978909640536e-01 0.000000000000000000e+00
7.758525118747486848e-01 2.507736380308323909e+00 0.000000000000000000e+00
9.482715377348692742e-01 1.736642474623588450e+00 0.000000000000000000e+00
1.872652162828721822e+00 1.780540705480899932e+00 1.000000000000000000e+00
6.572099186909200474e-01 2.431091723132672300e+00 1.000000000000000000e+00
4.847308316653141880e+00 9.500542135342121552e-01 1.000000000000000000e+00
9.449799408039928350e-01 3.303000608005445260e-01 0.000000000000000000e+00
5.223006963054158902e+00 5.471281947327870654e-01 1.000000000000000000e+00
5.021675569746765433e+00 1.302936200484267504e+00 1.000000000000000000e+00
4.979406531329611529e-01 3.222613248173200606e+00 1.000000000000000000e+00
5.159349138036867899e+00 1.001200252592612694e+00 1.000000000000000000e+00
4.386323811134922313e-01 2.381957787150703609e+00 1.000000000000000000e+00
2.093081686335130254e+00 1.371725655133156252e+00 1.000000000000000000e+00
7.280083232453837816e-02 2.060549053662201313e+00 1.000000000000000000e+00
1.665969169108102887e+00 1.979776992515943634e+00 1.000000000000000000e+00
1.968396586247737279e+00 2.189058701205473412e+00 1.000000000000000000e+00
4.821174099623701359e+00 1.258486930402361148e+00 1.000000000000000000e+00
1.979201390992855192e+00 1.967482379847937946e+00 1.000000000000000000e+00
2.863164733455394462e+00 -2.939670754985401757e-01 0.000000000000000000e+00
3.305565742430364828e+00 3.691674599864173678e-01 0.000000000000000000e+00
2.672898500263555466e+00 5.100564439936577932e-01 0.000000000000000000e+00
5.996323626851109090e+00 8.199324008868055236e-01 1.000000000000000000e+00
1.259622288797403566e+00 1.309538390935915064e+00 0.000000000000000000e+00
2.362536898565589016e+00 2.334710540835345682e+00 1.000000000000000000e+00
3.203342271335943625e+00 -3.319719202175655526e-01 0.000000000000000000e+00
2.348431994502317988e+00 1.991741184119606656e+00 1.000000000000000000e+00
2.110169544165159561e+00 2.369869757712871117e+00 1.000000000000000000e+00
-5.851720226277035142e-02 2.241618027269654423e+00 1.000000000000000000e+00
4.959562061211283179e+00 1.314765487225770357e+00 1.000000000000000000e+00
2.892232771286778359e+00 1.516145708258752889e-01 0.000000000000000000e+00
-1.125854850270342489e-01 2.808380877763733352e+00 1.000000000000000000e+00
9.631329323444055568e-01 1.719269169722279500e+00 0.000000000000000000e+00
3.030381532004173262e-01 2.276005379974328946e+00 1.000000000000000000e+00
1.873142911582767356e+00 2.025939321957286321e+00 1.000000000000000000e+00
9.571172881712956826e-02 2.925188887356776846e+00 1.000000000000000000e+00
4.822261614454019352e+00 3.085276186689586142e-01 1.000000000000000000e+00
1.758497712041919403e+00 1.925409566685361895e+00 0.000000000000000000e+00
1.074639748416331031e+00 1.911007654288741087e+00 0.000000000000000000e+00
2.532917532640490688e+00 -1.837326384853032735e-01 0.000000000000000000e+00
4.873036090989724678e-01 2.816473075904977197e+00 1.000000000000000000e+00
2.435428778177280762e+00 8.145889456955263119e-01 0.000000000000000000e+00
3.318662104449956463e-01 -5.098000814166887551e-01 0.000000000000000000e+00
5.305565742430364828e+00 1.369167459986417423e+00 1.000000000000000000e+00
-9.186120378851155011e-02 3.248392392782173843e+00 1.000000000000000000e+00
-5.427609062344513485e-02 2.818823811662023004e+00 1.000000000000000000e+00
-8.379255000439620460e-01 2.581258644084823750e+00 1.000000000000000000e+00
1.432863078548892721e+00 -1.619044686607477301e-01 0.000000000000000000e+00
2.038513097046783518e+00 2.528124555072596813e+00 1.000000000000000000e+00
1.526253114381660447e+00 1.751411606343078242e+00 1.000000000000000000e+00
8.480271367452607567e-02 1.752170770445804049e+00 1.000000000000000000e+00
3.149180729593793249e+00 7.119980980187896880e-02 0.000000000000000000e+00
1.974647591778611044e+00 9.107914351679489151e-01 0.000000000000000000e+00
1.222166935328882431e+00 1.713889819457619534e+00 0.000000000000000000e+00
1.538362026276607120e+00 8.656314445851643891e-01 0.000000000000000000e+00
1.190975022824389162e+00 4.227760168092024595e-01 0.000000000000000000e+00
-4.332341416288768010e-01 2.848660241116064640e+00 1.000000000000000000e+00
2.714381369788122278e+00 -1.554436657196264504e-01 0.000000000000000000e+00
4.994763514449146236e+00 1.219420755137519574e+00 1.000000000000000000e+00
1.261290940759672630e+00 -1.525371402826202205e-01 0.000000000000000000e+00
7.736806177010041585e-01 2.375860446569986184e+00 0.000000000000000000e+00
-3.349410053654233166e-01 2.024278130291983668e+00 1.000000000000000000e+00
2.959005563463725785e-01 3.064060170400632721e+00 1.000000000000000000e+00
2.675786792266348080e+00 2.176422013444606895e-01 0.000000000000000000e+00
4.919488608763827209e+00 9.604973121138945524e-01 1.000000000000000000e+00
2.432863078548892943e+00 1.838095531339252187e+00 1.000000000000000000e+00
3.217665155423619971e+00 -9.726126584556331334e-02 0.000000000000000000e+00
7.698070521004796163e-01 2.023712120868011166e-01 0.000000000000000000e+00
-2.801743966879504111e-01 1.840093902174920304e+00 1.000000000000000000e+00
1.830863379625309095e+00 2.026905922196776899e+00 1.000000000000000000e+00
2.909707153813398506e+00 2.422367751015810367e-01 0.000000000000000000e+00
2.261290940759672630e+00 1.847462859717379668e+00 1.000000000000000000e+00
2.329698899824153902e+00 1.729509652857200486e+00 1.000000000000000000e+00
1.928617419274345268e+00 1.346586365826467624e+00 0.000000000000000000e+00
5.803561544000570560e-01 2.453034564168493289e-02 0.000000000000000000e+00
2.821174099623701359e+00 2.584869304023611480e-01 0.000000000000000000e+00
2.915140934509546700e+00 -7.989806529561602200e-02 0.000000000000000000e+00
-9.794984942345526246e-02 1.597197263186769245e+00 1.000000000000000000e+00
3.119364127464555381e+00 -2.988032667265198561e-01 0.000000000000000000e+00
2.085424433254717158e+00 1.078740233638980639e+00 0.000000000000000000e+00
1.253848194275509975e+00 1.742145217750404207e+00 0.000000000000000000e+00
1.359675363970452189e+00 2.055546925245183232e+00 0.000000000000000000e+00
1.508142733986424400e+00 5.906093377508743469e-02 0.000000000000000000e+00
3.101166281492537369e+00 3.024196299227289719e-01 0.000000000000000000e+00
-1.637322503947703234e-01 1.940348641133331054e+00 1.000000000000000000e+00
2.982189629235450390e+00 4.346968212474706661e-01 0.000000000000000000e+00
5.320691486660378722e+00 1.012111429306851829e+00 1.000000000000000000e+00
4.714727224684769347e+00 7.886949005429623183e-01 1.000000000000000000e+00
4.532917532640490244e+00 8.162673615146966988e-01 1.000000000000000000e+00
8.139997468155611982e-01 2.209409610221665599e+00 0.000000000000000000e+00
1.270477216177838597e+00 2.150748301670560636e+00 0.000000000000000000e+00
9.570412764978286635e-01 3.098951336849253280e-01 0.000000000000000000e+00
5.096379774345149549e+00 7.824355222763901274e-01 1.000000000000000000e+00
2.205200398454585820e+00 1.893977005139895642e+00 1.000000000000000000e+00
3.186681721056534161e-02 1.542295905131192635e+00 1.000000000000000000e+00
2.486273685686524182e+00 1.758144554785332714e+00 1.000000000000000000e+00
3.223006963054158902e+00 -4.528718052672129901e-01 0.000000000000000000e+00
4.641241546902655557e+00 1.751794085595601791e+00 1.000000000000000000e+00
2.946116311604592752e+00 1.505175328035496252e-01 0.000000000000000000e+00
1.205200398454585820e+00 -1.060229948601043026e-01 0.000000000000000000e+00
5.117932773456194795e+00 4.528240442124418230e-01 1.000000000000000000e+00
1.957041276497828663e+00 2.309895133684925383e+00 1.000000000000000000e+00
8.562528703641760774e-01 1.050501476484836799e-01 0.000000000000000000e+00
3.461762102896518645e+00 -3.446112688910837329e-01 0.000000000000000000e+00
2.190491477500185802e+00 -3.640014377486113784e-01 0.000000000000000000e+00
-1.494640690893234147e-01 1.906704506509144803e+00 1.000000000000000000e+00
2.190975022824389384e+00 2.422776016809202293e+00 1.000000000000000000e+00
-3.817676265737982577e-01 3.094064316139029547e+00 1.000000000000000000e+00
1.916270683537012909e+00 1.486854725786200149e+00 0.000000000000000000e+00
2.125190601492458864e+00 1.235431195304676821e+00 0.000000000000000000e+00
3.289866258773502583e+00 2.177750557562463385e-01 0.000000000000000000e+00
4.376959393422933609e+00 1.284250350203702817e+00 1.000000000000000000e+00
3.162793588369894771e+00 -5.874507256797032451e-01 0.000000000000000000e+00
1.929068914456103956e+00 1.218344049999894541e+00 0.000000000000000000e+00
9.467103412049346911e-01 -4.531369125262706410e-01 0.000000000000000000e+00
3.207772304261806706e+00 -1.436017069246984523e-01 0.000000000000000000e+00
2.221669353288824311e-01 2.713889819457619534e+00 1.000000000000000000e+00
1.967002552950917860e+00 1.002564683630807307e+00 0.000000000000000000e+00
9.313702513389512383e-01 4.840084123689346041e-01 0.000000000000000000e+00
1.523930526768391580e+00 -2.325210861220304293e-01 0.000000000000000000e+00
-4.279666261561596019e-01 2.530387984493307929e+00 1.000000000000000000e+00
3.364253124706991782e-01 3.122670161381048359e+00 1.000000000000000000e+00
-9.303503205541799326e-02 2.269548670767858489e+00 1.000000000000000000e+00
4.725262445279396317e+00 8.778243870940103388e-01 1.000000000000000000e+00
2.111501087363559570e+00 2.555902845520813926e+00 1.000000000000000000e+00
1.896503836953506106e+00 9.307480770593591357e-01 0.000000000000000000e+00
2.523930526768391580e+00 1.767478913877969626e+00 1.000000000000000000e+00
2.154624140534972199e+00 1.665538684290218896e+00 1.000000000000000000e+00
1.819652959805184933e+00 2.166822053023215400e+00 1.000000000000000000e+00
1.135385204812051185e+00 -5.052179957604711058e-01 0.000000000000000000e+00
4.595670517623901219e+00 1.441221957007410737e+00 1.000000000000000000e+00
4.721938418237412449e+00 9.452738780910707739e-01 1.000000000000000000e+00
3.604768574448874441e-02 3.185160932912225906e+00 1.000000000000000000e+00
2.252258467442330936e+00 1.969133834727938792e+00 1.000000000000000000e+00
2.175393983143227850e+00 1.097282273034526412e+00 0.000000000000000000e+00
1.840329793730546726e+00 2.335440019015308621e+00 1.000000000000000000e+00
4.416485912416388437e+00 7.253726895304881683e-01 1.000000000000000000e+00
1.944979940803992724e+00 2.330300060800544415e+00 1.000000000000000000e+00
2.618861767084355918e+00 8.489866014330048338e-02 0.000000000000000000e+00
1.127048306219233798e+00 2.023202020504567766e+00 0.000000000000000000e+00
1.198504322939794697e+00 2.959056540636192945e-01 0.000000000000000000e+00
4.801112083434914274e-02 3.262850676334867472e+00 1.000000000000000000e+00
2.416485912416388437e+00 -2.746273104695118317e-01 0.000000000000000000e+00
1.255984655747119927e+00 -4.191351913232174015e-02 0.000000000000000000e+00
1.150955444030597796e+00 2.387967764759678424e+00 0.000000000000000000e+00
1.382126779047633036e+00 2.590130524776420362e+00 0.000000000000000000e+00
1.946710341204934691e+00 1.546863087473729248e+00 1.000000000000000000e+00
1.251906014924587529e-01 2.235431195304677043e+00 1.000000000000000000e+00
1.959206802169823236e+00 7.608190643520611474e-01 0.000000000000000000e+00
1.766642352011776218e+00 2.334752332377250550e+00 1.000000000000000000e+00
1.023346338373811726e+00 2.185514078599557486e+00 0.000000000000000000e+00
1.922305143979840203e+00 2.056787959267597277e+00 1.000000000000000000e+00
7.988013141132908057e-01 2.113269135896275852e+00 0.000000000000000000e+00
5.095446259903607000e+00 9.942305097707088146e-01 1.000000000000000000e+00
2.040214458966386868e+00 1.360616458659911654e+00 0.000000000000000000e+00
9.403005448588827031e-01 5.599414125456375624e-01 0.000000000000000000e+00
1.237842059775804415e+00 1.812940781096062492e+00 0.000000000000000000e+00
1.753939831432278496e-01 2.097282273034526412e+00 1.000000000000000000e+00
3.105335068953289479e+00 -2.063113892359154031e-02 0.000000000000000000e+00
1.645304562047109842e+00 8.002736445402620635e-01 0.000000000000000000e+00
-5.597093157220463244e-02 2.969476238241256283e+00 1.000000000000000000e+00
1.348101570998130772e+00 2.110847814912717002e+00 0.000000000000000000e+00
-3.546954379528901025e-01 1.800273644540262064e+00 1.000000000000000000e+00
1.313498322902169280e+00 1.825544095454548765e-01 0.000000000000000000e+00
-2.074982255175926993e-01 2.880973941943206995e+00 1.000000000000000000e+00
1.719825603312049589e+00 8.400939021749201929e-01 0.000000000000000000e+00
2.990454848190362558e+00 3.374632272425874546e-02 0.000000000000000000e+00
2.645669048168453052e+00 -1.379790313303743687e-01 0.000000000000000000e+00
2.596222887974035665e-01 2.309538390935915064e+00 1.000000000000000000e+00
2.084802713674525965e+00 7.521707704458039379e-01 0.000000000000000000e+00
